8192
71.03 72.96
78.70 67.22
18.95 30.48
9.43 68.08
13.24 80.87
96.25 7.44
32.37 66.26
30.93 46.57
48.97 87.43
99.83 68.92
94.23 39.49
78.78 96.90
75.91 78.60
63.74 4.68
56.52 53.56
77.74 30.07
79.14 44.65
75.06 89.33
5.02 72.56
56.82 38.07
82.06 34.60
15.27 21.08
51.64 11.71
82.57 59.22
82.12 67.66
25.84 98.93
26.66 28.94
97.31 96.50
21.42 73.29
55.84 84.72
5.42 67.22
94.12 77.16
7.10 37.17
83.30 25.52
23.44 89.87
30.17 87.51
55.56 26.04
32.17 85.11
6.27 41.68
70.76 0.94
92.39 83.28
77.62 69.14
71.00 28.12
32.10 83.17
11.66 74.27
76.67 95.30
94.86 93.31
64.77 34.87
34.65 59.16
99.56 59.76
50.61 94.65
37.49 67.91
86.61 5.97
90.66 65.20
74.79 5.94
96.88 69.92
91.78 70.00
70.10 91.64
27.18 94.40
86.92 95.24
24.82 24.74
1.56 88.16
74.16 76.85
93.24 40.62
9.32 67.76
64.82 20.64
75.31 28.65
27.62 84.84
8.23 4.13
15.20 51.98
99.65 16.13
94.23 14.00
94.11 96.20
45.05 33.93
11.74 29.77
53.37 7.36
61.37 79.05
99.71 62.81
96.08 64.66
23.32 85.34
67.88 36.02
67.04 0.25
36.67 61.40
29.61 14.63
89.52 52.81
43.99 14.83
89.67 4.76
6.17 18.86
16.71 64.71
0.07 34.97
46.19 17.81
57.63 38.30
46.98 56.06
30.45 53.78
43.01 49.86
22.77 39.83
74.41 76.39
33.27 2.48
75.21 78.34
79.49 0.93
31.16 63.18
50.75 81.49
47.44 63.33
36.07 72.12
16.69 73.89
72.18 21.19
88.15 85.76
11.75 57.83
68.14 65.62
38.62 85.86
55.53 94.73
5.81 5.61
9.87 54.43
3.44 62.90
57.09 88.34
18.04 48.02
29.08 95.51
35.24 51.47
78.76 7.44
47.19 57.66
12.15 24.78
75.32 49.01
83.38 36.11
84.28 24.26
66.62 16.68
12.89 90.42
44.99 38.63
83.37 39.13
14.90 28.00
82.02 54.43
41.00 4.85
88.50 78.72
95.09 61.03
50.89 9.94
87.19 33.51
1.79 53.67
19.74 37.17
35.72 50.45
98.09 52.31
24.34 31.36
45.85 8.76
92.17 5.01
0.19 90.55
82.80 82.78
3.98 88.54
66.80 74.53
15.47 81.83
32.46 55.24
80.09 21.85
46.47 36.19
65.67 79.55
69.26 43.88
67.74 11.63
84.12 89.27
55.99 98.99
85.16 39.24
99.00 39.65
19.07 32.50
59.62 83.54
24.38 53.66
6.11 29.80
29.03 45.93
13.48 95.39
16.72 50.70
53.01 4.36
21.74 85.00
24.43 25.18
36.26 15.01
33.50 65.91
44.60 77.99
7.12 69.49
35.60 76.64
84.15 55.36
44.67 55.88
15.33 75.84
22.18 70.05
24.39 52.48
6.90 18.88
50.46 2.12
38.20 59.71
76.52 84.34
3.63 91.25
45.42 21.62
26.10 76.82
75.77 79.66
61.13 18.00
11.33 89.20
25.66 78.44
26.65 57.92
78.83 73.96
72.03 10.09
63.25 40.85
90.37 61.90
30.62 24.91
19.44 97.25
27.18 63.33
33.12 36.61
20.17 21.64
65.82 65.63
61.55 65.93
92.10 88.51
1.86 16.26
87.69 71.56
34.74 46.51
86.12 11.77
72.57 92.42
21.12 29.29
77.76 32.53
23.92 58.34
24.77 3.33
65.71 7.79
6.62 32.19
49.23 7.80
61.75 69.02
91.73 66.06
88.54 22.70
34.28 75.55
48.38 18.73
72.78 87.33
12.47 99.23
25.46 5.85
24.88 12.03
91.70 97.62
83.37 3.76
30.11 2.79
73.89 19.94
1.26 7.23
75.55 57.95
44.12 99.90
62.01 69.21
69.91 72.22
13.07 22.26
95.30 75.67
8.79 66.31
40.03 32.37
22.90 93.25
44.81 46.86
38.97 11.92
57.00 73.77
9.82 77.58
25.15 45.06
35.27 55.59
33.88 45.93
57.00 15.54
98.06 18.49
7.05 65.61
68.96 40.16
73.91 2.17
98.69 34.57
18.68 75.68
94.08 14.17
33.70 14.85
45.68 12.66
32.81 97.26
59.49 26.04
7.96 45.15
34.85 66.74
45.20 99.09
65.70 45.52
11.37 0.60
15.30 16.37
2.10 30.35
54.35 30.70
47.25 44.14
64.18 44.76
12.86 16.14
30.01 92.71
23.66 27.21
79.85 65.35
42.17 87.23
50.54 95.01
64.00 91.79
87.72 6.53
71.03 74.21
17.37 91.14
39.96 70.40
29.65 9.66
78.68 31.85
30.32 93.75
92.65 43.55
69.30 20.03
63.45 78.30
29.43 96.10
25.14 65.47
20.09 63.86
7.56 84.40
87.04 82.13
64.18 77.07
54.17 21.14
60.52 76.38
83.23 74.77
23.09 12.08
63.24 5.58
29.23 33.83
39.67 95.02
78.75 31.29
15.35 88.61
37.17 29.88
77.79 56.54
49.06 90.72
64.66 51.52
53.38 68.11
4.78 8.10
84.73 2.07
34.64 60.18
46.61 98.48
79.14 20.58
96.74 17.52
69.72 56.44
72.37 39.13
81.45 34.78
32.54 89.94
19.89 13.77
61.58 42.44
77.00 78.97
93.93 68.58
47.65 86.07
78.75 80.59
98.85 40.31
22.37 0.37
62.90 41.59
6.58 22.10
68.27 79.57
86.34 76.92
7.01 19.13
28.49 53.78
20.39 97.63
38.08 53.28
8.76 54.73
13.35 13.34
93.52 29.32
19.69 14.44
9.19 68.06
28.52 61.28
50.39 62.71
32.70 6.76
18.00 46.45
28.56 30.04
23.46 55.15
66.24 59.47
48.36 82.40
23.27 90.22
84.47 65.18
18.66 68.57
83.38 64.75
3.81 5.00
89.27 88.70
49.70 12.29
9.11 62.90
19.19 84.21
30.65 47.82
21.81 52.80
55.49 25.39
16.43 57.65
72.28 56.96
7.92 35.81
70.21 39.16
3.96 30.03
57.13 98.23
55.66 47.86
99.51 87.02
7.45 47.33
82.44 70.28
98.50 18.97
32.13 91.01
42.26 98.78
46.93 88.58
43.26 19.11
7.15 47.72
37.41 49.82
91.39 51.78
89.16 76.10
63.57 74.03
40.24 5.65
96.48 77.68
73.20 56.25
5.85 80.43
44.83 90.35
2.78 16.04
93.07 31.40
27.86 47.83
8.29 29.77
24.87 93.53
7.91 54.82
75.34 12.29
43.93 14.22
93.79 24.10
8.07 4.17
89.27 38.61
28.33 30.67
45.90 0.50
21.78 73.68
86.72 64.77
84.42 28.85
9.52 11.30
78.70 54.39
49.74 15.05
34.11 83.43
60.40 3.20
47.31 10.01
75.35 46.22
27.27 61.61
98.93 82.90
62.66 36.57
71.21 77.24
74.51 5.14
83.52 11.88
65.11 50.90
98.19 49.51
40.92 60.01
67.87 23.36
50.26 43.20
8.96 2.49
6.33 60.80
53.46 1.40
29.44 68.99
30.03 13.97
55.14 86.95
76.47 76.11
11.75 79.57
29.52 74.89
57.53 41.73
53.96 95.03
75.21 29.94
98.02 24.11
1.85 6.24
13.03 39.48
28.11 20.60
90.76 15.42
23.54 67.75
3.13 5.05
43.42 0.06
79.33 52.65
67.55 64.25
74.46 72.30
92.84 0.95
69.97 10.33
33.68 91.96
86.74 15.25
43.91 61.08
3.83 85.00
6.70 76.49
0.53 91.79
37.79 76.61
68.90 71.08
17.50 87.51
87.08 85.93
60.03 29.97
93.15 24.18
88.93 21.83
61.51 11.71
13.13 98.22
31.06 54.45
62.27 93.37
29.58 85.29
28.14 87.99
18.14 42.48
19.49 84.87
31.21 96.95
46.40 22.88
60.89 70.50
5.43 99.58
73.29 83.72
0.70 86.40
8.05 51.54
79.02 7.88
38.03 2.64
92.58 41.76
74.19 42.69
91.18 93.72
10.02 19.71
23.74 56.19
69.54 26.34
19.85 35.06
6.35 16.58
80.28 96.25
14.94 23.48
70.87 13.52
16.02 1.65
53.02 97.33
7.70 55.19
53.37 56.03
94.98 27.49
42.79 93.54
44.08 90.08
20.74 27.93
14.26 16.20
74.56 32.23
86.45 80.37
76.73 42.35
75.70 43.23
10.50 81.22
47.77 90.94
44.88 97.57
45.70 13.85
5.96 73.10
27.97 41.11
90.98 64.48
93.57 67.26
65.34 81.96
47.15 86.32
2.35 58.08
39.89 93.36
9.88 43.76
51.23 87.92
15.77 11.97
63.69 29.54
23.62 14.85
4.91 42.19
40.89 63.80
65.09 44.80
66.11 76.05
48.40 44.22
94.72 43.56
91.81 56.08
95.47 22.96
34.76 4.21
70.08 90.47
82.48 74.79
42.96 99.58
72.48 11.35
42.13 1.38
67.49 95.13
54.52 92.31
80.89 99.15
98.24 91.25
26.67 6.99
56.14 37.68
48.98 77.09
35.12 94.07
48.26 90.37
46.31 79.92
75.44 61.76
66.28 89.73
81.54 33.09
95.39 4.04
43.67 49.38
28.22 5.05
75.13 80.52
52.33 27.21
12.55 52.18
9.68 84.07
72.94 46.23
27.77 36.75
59.31 2.88
5.51 29.00
42.19 51.98
12.18 75.31
75.72 21.93
47.92 33.55
11.41 88.21
67.92 52.28
75.46 48.34
62.78 81.20
90.94 16.92
11.70 52.89
87.09 56.93
90.69 13.79
18.37 48.38
61.43 61.23
80.21 86.99
84.63 1.52
39.03 87.34
94.47 40.61
90.51 90.86
13.41 88.08
52.23 18.06
50.32 26.13
36.12 61.66
35.18 96.51
14.96 73.06
21.73 66.03
81.67 79.08
34.01 92.87
38.75 1.33
67.42 35.77
82.81 9.03
48.96 71.31
6.54 61.93
33.76 65.01
56.71 41.37
83.16 70.22
0.23 93.82
16.48 94.05
79.51 95.71
54.90 67.91
23.89 46.66
48.65 21.55
37.21 39.80
14.26 27.85
75.63 47.84
90.92 95.61
68.47 35.99
3.08 23.79
73.29 78.62
3.80 98.40
93.07 92.85
56.41 51.57
23.97 87.49
13.93 59.00
54.58 78.59
15.51 46.75
87.11 98.37
58.04 60.35
7.47 76.21
52.77 77.82
9.18 9.58
93.81 89.14
70.47 59.36
99.91 82.95
50.53 89.21
45.86 8.39
48.49 46.01
3.52 84.65
40.06 60.62
74.51 92.53
41.84 55.88
43.60 66.47
98.88 69.11
1.19 39.65
29.03 77.94
39.89 86.49
51.60 37.28
16.03 62.56
17.39 92.19
63.14 49.85
43.29 97.83
70.99 91.34
14.71 18.47
3.21 12.14
13.05 86.25
62.11 72.31
65.01 84.00
95.19 59.07
10.41 45.29
8.10 30.24
64.34 36.35
99.71 53.99
89.70 44.86
13.65 99.97
37.90 31.68
53.59 47.11
94.11 23.14
55.05 55.40
88.43 57.13
74.86 0.66
30.87 0.89
63.00 91.36
84.30 41.87
80.74 60.59
51.83 34.58
6.08 86.21
26.62 14.65
60.77 26.30
80.21 25.10
83.67 75.19
33.09 49.04
30.14 9.35
6.92 17.03
86.20 72.87
14.37 10.41
37.38 84.06
52.73 31.19
24.98 22.30
8.43 96.37
8.36 80.57
89.85 73.98
16.72 4.59
23.12 22.35
66.73 52.28
68.06 36.43
18.04 59.51
13.15 18.97
77.02 51.91
35.85 59.84
83.68 31.36
50.20 9.54
63.31 46.99
86.50 81.13
10.34 18.43
31.62 35.78
51.72 87.04
36.73 24.21
37.87 23.36
15.83 84.25
19.81 17.63
41.12 96.44
15.34 13.90
27.33 88.48
18.68 82.84
22.24 61.83
98.28 9.18
64.45 80.57
23.64 79.44
90.16 44.97
79.72 73.95
18.51 74.87
30.33 12.33
87.72 57.57
23.01 59.82
76.73 20.97
97.31 8.02
31.74 44.19
86.01 79.94
51.73 48.52
14.29 52.75
47.55 49.33
89.96 94.62
38.39 27.78
76.30 28.07
27.93 24.15
3.91 92.43
62.87 53.06
98.48 96.55
40.39 73.78
8.82 77.93
69.66 27.78
29.35 88.21
90.94 32.78
57.56 71.74
31.14 57.45
7.85 41.07
86.88 59.97
75.20 28.54
15.85 26.36
3.43 61.84
16.26 5.61
56.82 4.60
3.40 17.88
64.92 65.70
56.87 68.40
9.67 64.70
17.05 66.74
56.92 56.97
19.00 33.35
51.18 20.57
82.84 18.32
76.89 28.86
41.48 62.49
20.99 92.16
76.35 87.19
35.97 28.06
89.14 25.67
9.23 45.15
94.90 73.22
94.57 88.61
11.11 32.01
1.48 70.18
34.03 88.52
41.59 22.44
5.93 57.77
70.51 28.03
79.43 38.28
14.37 91.89
47.94 91.84
72.86 59.06
26.83 45.91
0.99 39.56
13.79 60.36
34.68 59.33
5.30 38.34
1.79 65.99
89.08 84.51
41.78 13.98
0.49 94.75
7.13 98.60
65.93 82.10
99.21 29.77
19.36 20.26
71.99 54.15
25.05 64.93
48.23 34.15
87.56 48.84
65.67 66.17
88.54 26.79
34.80 59.64
34.57 63.99
80.44 54.49
22.99 30.61
88.44 39.78
36.19 93.01
69.06 49.79
9.04 52.26
13.15 16.46
22.54 59.94
60.56 99.21
65.80 7.94
20.15 42.29
64.17 43.17
99.48 62.18
25.34 47.55
24.78 61.96
16.68 92.81
19.81 98.86
44.20 31.63
82.91 38.70
6.17 62.42
99.76 36.31
69.08 52.46
65.38 7.21
21.89 90.92
50.87 79.82
8.69 84.55
17.96 3.22
40.37 77.36
8.70 36.13
74.79 44.85
61.29 85.00
15.85 57.48
6.03 22.37
10.41 49.30
20.90 95.19
52.49 53.81
3.15 70.63
32.54 54.12
47.03 87.45
0.69 17.45
9.31 0.50
7.96 48.43
84.47 33.45
92.16 51.47
25.03 85.48
36.81 83.44
19.63 25.05
28.53 4.04
42.11 72.96
15.70 28.93
86.14 51.29
97.27 41.26
67.09 77.86
99.78 37.16
38.90 77.73
38.69 94.33
59.40 20.40
75.65 13.92
84.99 18.09
85.86 33.16
95.08 64.95
35.72 60.08
8.63 69.83
20.60 96.94
64.53 29.28
30.11 75.96
17.14 15.58
0.84 47.95
64.60 29.46
40.13 80.37
41.85 25.67
63.13 2.25
71.00 79.44
31.19 38.68
75.25 34.23
65.96 70.02
1.34 23.59
9.38 14.21
19.42 29.99
75.30 43.31
89.14 43.72
89.04 23.52
44.99 20.41
29.69 20.07
96.55 55.17
35.90 45.48
51.67 13.78
99.49 46.76
2.48 80.85
79.64 63.85
23.22 72.39
0.90 4.87
18.60 96.74
65.36 34.12
6.40 35.61
59.49 16.84
78.20 80.84
59.50 55.64
92.90 14.58
25.58 94.53
40.93 43.75
95.90 14.27
43.26 22.71
26.05 12.22
65.75 88.35
32.67 13.03
25.43 98.55
71.38 1.60
1.61 32.48
94.41 4.12
46.39 77.32
68.70 74.15
69.92 75.31
29.30 48.70
78.50 14.02
98.24 40.07
62.21 59.65
32.16 25.00
95.88 92.67
46.11 2.47
92.44 70.19
74.75 8.23
38.47 71.44
98.06 0.72
16.85 12.11
60.81 49.86
27.16 56.06
5.82 28.62
16.97 74.29
27.30 59.21
69.60 92.50
85.04 96.10
39.53 41.82
31.26 85.96
75.94 62.92
36.79 16.63
94.94 82.96
53.27 69.72
32.47 37.93
39.65 67.70
98.95 63.37
9.76 74.12
63.58 90.95
58.40 96.21
99.11 55.73
50.49 60.99
24.05 0.56
83.18 4.32
23.89 70.17
53.19 50.85
96.79 95.98
67.41 77.32
48.41 88.02
79.80 19.44
64.39 58.90
64.55 91.95
70.12 61.90
42.91 12.73
29.16 1.49
63.34 93.51
21.63 31.87
37.26 69.64
72.39 90.96
16.22 88.41
54.26 21.25
78.60 19.62
23.32 53.35
89.72 57.44
17.08 15.02
36.26 38.98
65.43 85.84
65.92 37.71
14.85 97.31
69.56 73.73
10.79 38.84
94.05 82.91
76.76 18.65
70.66 70.02
63.73 35.42
62.91 50.69
89.38 94.99
20.79 7.25
76.22 65.13
22.56 15.24
26.19 4.00
26.53 50.37
96.85 39.84
33.77 7.66
26.84 3.50
47.87 30.83
36.84 2.39
70.65 47.72
11.19 4.02
68.10 43.62
91.10 87.87
68.98 16.23
19.23 20.28
30.21 11.35
76.79 36.38
58.28 46.46
62.75 81.08
18.02 9.71
56.95 99.85
43.04 22.20
33.42 5.52
63.10 38.04
68.76 34.76
99.43 21.55
62.14 17.20
95.98 60.48
95.28 0.47
28.17 84.38
2.58 31.97
13.94 92.63
29.48 44.42
36.15 27.59
76.97 14.88
19.49 7.95
29.23 76.17
9.81 57.00
3.98 38.19
31.17 4.27
68.60 15.06
25.76 40.37
86.56 57.93
71.88 20.73
21.89 6.29
28.39 14.08
43.12 71.57
0.60 78.09
73.68 95.31
62.88 78.07
90.53 35.30
17.86 66.43
97.08 21.19
41.29 24.58
53.91 24.01
56.55 28.73
89.64 30.55
72.14 96.52
3.93 88.74
96.64 43.17
2.41 46.77
96.24 20.46
62.77 70.88
0.32 73.95
41.89 73.81
49.56 28.94
71.73 42.37
60.65 23.09
60.62 99.47
85.95 31.74
43.08 27.69
50.62 41.94
26.80 11.81
75.47 59.37
40.88 52.81
32.02 28.70
48.45 11.98
4.95 92.19
36.25 80.16
55.80 96.44
15.83 21.22
65.87 35.46
34.92 14.82
93.14 69.11
27.11 14.29
83.44 37.80
27.51 48.74
84.67 29.78
64.92 41.56
67.54 64.47
18.16 11.57
33.52 25.96
21.53 41.36
46.44 1.60
17.69 5.87
21.65 17.96
72.08 21.79
17.37 47.37
69.51 68.24
75.39 19.39
78.22 36.03
61.94 3.94
31.22 47.14
10.23 89.62
12.05 88.29
95.94 85.67
56.66 82.82
67.26 58.38
40.46 51.25
46.63 71.77
45.51 76.70
87.27 97.87
7.63 89.35
60.14 26.35
85.95 56.43
12.15 58.49
20.51 70.09
50.15 78.52
88.31 76.18
70.35 28.98
8.70 85.66
74.23 29.40
66.62 74.09
76.60 78.23
17.70 52.48
24.15 54.56
15.41 18.25
34.78 55.36
10.09 73.90
77.99 48.94
45.99 17.27
20.22 92.93
90.63 89.95
30.80 97.02
82.26 32.42
79.01 24.29
45.06 15.56
2.64 46.45
71.99 52.59
42.38 72.17
41.73 86.09
16.32 31.83
87.49 53.15
28.33 87.98
43.45 4.75
96.52 25.71
34.10 17.85
16.01 63.55
5.76 43.87
66.94 87.94
0.05 11.26
35.27 12.22
59.60 52.46
20.99 11.35
5.62 52.52
66.67 57.12
42.76 82.47
17.96 56.00
77.37 60.79
10.40 59.06
87.91 41.87
38.18 53.38
74.75 36.46
17.39 26.43
65.22 57.92
24.69 40.67
85.60 99.32
41.24 71.62
90.24 31.62
84.55 36.72
76.11 72.63
51.73 54.28
12.46 93.49
10.14 19.99
2.59 77.87
61.10 19.33
86.22 52.18
88.18 45.05
79.12 19.86
58.91 21.37
70.30 64.31
2.72 3.85
16.29 70.23
80.83 68.97
59.75 93.33
57.02 7.09
87.72 76.58
63.84 51.62
71.28 40.64
84.83 81.08
72.32 40.17
97.24 69.84
54.90 7.13
53.65 96.21
88.35 88.08
32.11 90.78
46.35 1.80
93.79 17.10
53.31 3.43
0.05 11.44
11.47 80.68
18.63 18.16
76.75 18.06
75.83 17.80
48.64 31.36
0.14 8.12
14.47 84.01
67.99 40.06
68.85 39.76
46.48 95.80
64.34 98.08
34.74 34.34
66.27 70.14
83.74 31.59
85.01 0.76
41.19 68.92
56.06 18.74
41.81 97.99
45.31 92.19
84.20 26.97
43.34 98.71
39.37 92.57
13.99 61.35
76.19 11.34
63.04 66.99
74.63 66.45
46.72 35.24
62.14 4.33
38.79 87.57
43.24 80.31
44.32 9.26
13.99 10.27
66.95 3.50
78.89 98.18
0.45 91.02
20.38 5.83
79.69 45.30
47.77 88.62
89.40 98.43
98.58 83.71
53.61 0.07
86.15 3.41
46.62 85.88
72.52 66.07
12.30 22.93
38.60 63.65
16.71 43.30
64.22 23.01
16.60 81.99
85.87 72.17
2.93 8.13
40.53 72.54
97.23 80.75
65.44 86.19
26.35 89.79
23.92 90.71
94.05 25.03
50.29 42.34
25.73 28.10
27.00 72.23
7.88 26.18
30.72 27.59
91.20 87.88
90.06 56.57
58.20 83.77
27.30 35.82
91.66 1.53
28.43 18.51
46.47 42.07
15.08 68.66
2.27 88.78
87.50 53.69
97.08 25.63
71.55 42.67
85.94 2.49
69.73 82.99
2.22 2.02
26.92 34.94
52.96 92.75
83.39 44.99
10.01 26.01
84.61 14.26
98.95 51.33
74.41 31.87
29.39 11.60
33.55 46.43
48.16 75.67
6.51 91.74
55.97 37.28
77.47 26.09
87.52 67.51
25.90 23.25
45.09 10.68
24.38 57.67
24.10 26.42
41.21 84.94
15.94 71.27
16.64 90.92
48.37 69.80
64.46 31.68
40.64 93.43
78.56 63.01
73.90 30.98
51.32 27.63
95.30 81.62
16.24 92.32
59.87 14.14
48.87 73.74
92.65 88.14
33.04 51.23
13.79 1.72
59.36 59.97
5.40 64.45
56.64 72.86
38.47 91.74
1.11 73.94
96.90 65.76
68.16 65.85
81.19 75.14
7.91 69.26
86.53 50.50
60.55 17.18
97.31 11.30
86.45 24.91
8.04 16.57
46.65 90.75
41.07 16.08
18.91 94.43
88.44 90.13
43.83 37.59
1.38 92.99
63.81 40.89
71.83 98.42
93.31 74.87
63.81 64.84
0.80 57.23
29.52 54.75
18.59 87.35
18.83 11.62
8.67 73.84
75.04 34.07
86.84 18.67
96.57 76.99
41.85 31.27
48.58 88.18
8.79 98.26
34.60 70.21
19.76 18.98
20.08 65.13
29.24 12.56
59.71 79.93
34.20 28.21
27.61 81.45
99.80 21.11
91.45 75.75
20.46 98.28
85.09 30.97
6.51 2.68
50.49 81.44
87.99 40.07
47.56 11.37
40.04 40.19
45.53 58.02
73.61 53.14
56.04 33.04
82.15 74.05
33.63 98.45
37.17 8.13
93.79 73.50
9.39 32.08
22.68 11.60
22.07 92.87
33.98 70.70
68.14 40.68
11.63 78.41
40.12 19.35
70.31 7.56
41.25 90.08
6.38 85.72
18.91 66.52
87.40 90.52
2.40 0.91
39.29 60.81
68.72 83.63
72.11 90.40
12.41 16.72
72.14 26.16
20.10 59.55
12.38 61.46
33.64 59.18
91.74 33.30
13.91 72.52
22.00 64.37
21.56 95.46
42.62 81.14
70.97 49.88
3.25 11.42
66.13 57.78
68.66 83.84
39.02 6.41
68.08 95.38
41.39 9.93
85.72 57.32
64.64 94.78
5.32 42.88
96.15 80.68
41.95 72.74
90.03 66.35
78.17 13.36
70.13 44.32
18.82 24.55
25.97 13.60
77.95 73.39
8.18 19.48
37.47 74.39
85.93 52.47
51.42 80.38
76.85 41.30
24.78 76.59
15.44 13.93
35.26 79.17
70.77 8.03
48.65 99.41
94.53 32.88
97.69 60.71
64.81 79.61
52.58 95.22
26.34 31.05
78.52 95.44
90.13 13.54
80.40 49.80
45.89 5.56
43.66 59.90
88.95 49.47
42.98 34.73
26.94 57.64
51.55 82.38
5.98 16.00
8.27 58.37
29.07 76.77
89.03 95.69
90.00 12.30
49.86 38.28
40.81 72.86
25.53 17.83
4.99 65.90
28.90 3.26
27.41 29.44
17.67 47.79
78.07 28.56
7.31 52.00
53.49 46.33
89.23 80.34
61.01 30.60
12.19 30.65
65.64 12.41
55.81 99.72
54.92 53.93
91.58 36.97
96.08 64.15
53.75 49.54
1.84 76.10
38.30 10.78
54.73 98.81
98.02 4.40
69.68 70.09
38.48 77.71
13.55 25.78
89.42 90.02
55.58 87.16
21.90 7.12
20.40 43.79
92.19 22.96
87.77 13.09
79.86 1.91
5.68 99.22
49.08 22.21
70.08 14.88
10.22 97.81
10.37 29.44
54.90 75.93
18.81 43.19
57.72 52.25
53.69 96.53
8.42 28.30
82.74 89.14
73.63 97.21
78.27 17.66
99.43 52.07
4.13 32.51
65.14 53.47
24.94 3.95
30.75 37.32
74.12 52.01
10.40 60.09
54.11 32.37
72.38 81.73
61.86 11.92
88.21 75.58
88.54 0.21
98.66 78.66
17.71 89.53
22.83 8.55
38.66 63.46
23.90 77.83
23.84 89.91
27.98 68.12
46.78 51.20
17.20 22.37
97.86 17.28
35.49 25.78
10.54 98.21
56.90 35.31
15.13 45.54
28.49 83.54
15.29 65.78
0.38 82.32
64.08 60.20
14.22 45.46
92.23 31.91
46.69 42.54
64.02 82.34
34.19 43.72
93.33 81.79
60.37 5.56
30.85 32.32
70.80 45.08
46.85 27.91
85.80 1.51
43.67 47.11
14.48 37.47
59.42 51.30
12.23 85.84
36.63 50.70
30.91 44.20
71.09 27.58
57.12 26.21
86.26 88.39
59.93 46.96
45.61 10.04
88.94 80.54
34.60 78.86
55.32 93.89
2.29 61.82
79.88 23.97
78.91 49.43
45.83 38.73
79.68 70.63
79.71 14.27
64.28 28.39
62.83 27.45
68.81 82.58
41.61 23.09
10.45 68.42
72.17 74.14
37.53 57.98
26.90 32.45
87.99 15.51
18.84 3.62
82.41 79.57
41.37 94.89
39.40 38.49
14.88 44.93
42.80 41.48
20.22 8.38
0.15 9.42
48.88 18.93
12.34 32.76
22.93 87.14
42.88 6.72
6.65 73.56
25.48 36.28
32.80 20.18
65.42 15.85
68.78 17.00
84.80 48.47
33.75 91.31
37.17 92.97
77.37 22.11
1.74 60.39
91.82 16.21
16.81 2.95
98.26 20.02
24.99 71.05
47.60 79.15
80.85 23.50
3.84 47.20
75.59 27.32
62.88 48.36
24.21 96.16
49.15 69.41
89.97 25.43
52.36 57.32
93.62 40.97
81.02 79.28
44.84 84.24
36.40 56.51
19.48 37.94
45.00 14.55
77.15 60.99
72.64 58.40
42.63 89.27
20.09 6.76
82.36 15.51
4.51 15.74
12.91 35.30
67.05 29.42
53.44 76.50
14.50 50.26
73.95 81.68
89.54 15.82
4.49 88.80
86.87 88.30
94.59 53.07
37.87 0.68
66.60 73.49
25.56 9.94
99.76 76.91
47.64 73.26
44.88 18.91
9.57 36.77
70.40 15.17
95.57 75.25
8.44 27.55
91.27 97.91
51.74 56.77
97.08 50.95
37.39 97.05
70.88 2.83
2.00 8.40
69.74 83.42
78.22 52.20
30.64 60.68
17.19 14.73
85.24 72.38
87.07 49.25
41.97 11.56
55.54 94.47
89.48 86.76
53.90 49.01
5.58 87.15
95.67 81.10
19.76 95.51
40.17 33.16
62.06 63.99
53.09 12.58
39.21 36.13
97.16 72.49
55.25 86.93
44.24 56.32
0.55 1.54
57.44 60.70
4.60 97.60
33.82 40.81
8.08 4.44
13.39 93.32
65.96 55.63
53.05 82.00
2.89 67.87
42.05 28.96
1.61 80.43
26.03 22.01
41.67 2.47
5.21 49.31
88.68 59.89
81.12 6.87
18.00 19.32
90.60 88.28
83.44 65.50
38.05 92.59
89.85 33.54
82.30 41.98
41.42 0.79
1.86 69.89
55.88 20.73
33.44 33.19
85.17 3.92
96.80 30.30
68.77 32.33
59.80 85.11
29.32 95.89
57.88 28.81
90.75 81.38
19.38 51.36
72.48 68.57
52.73 65.31
49.82 71.79
54.67 32.31
0.31 32.48
40.57 62.50
50.81 25.86
1.26 84.06
66.44 50.05
4.56 75.47
75.99 94.62
85.94 79.54
88.90 19.07
80.17 0.54
4.00 94.28
37.92 34.21
32.95 9.14
59.83 53.83
22.73 77.85
99.48 41.64
98.27 53.24
72.43 39.34
50.85 17.90
36.26 51.60
51.16 29.84
93.05 63.22
8.13 45.82
29.70 1.48
57.20 98.39
52.99 35.56
21.24 94.42
75.06 49.69
50.09 59.06
99.06 16.15
84.66 66.29
16.22 84.07
11.98 54.58
73.35 45.99
24.87 68.02
26.25 37.21
90.70 98.48
93.02 2.22
24.85 29.54
0.86 35.13
51.95 47.99
37.35 23.47
92.44 50.19
28.69 19.52
73.13 38.51
22.60 51.09
63.39 37.77
74.46 49.13
79.86 88.68
81.47 56.80
34.23 92.50
99.98 83.45
25.41 11.56
96.00 82.84
23.46 10.67
24.79 98.96
4.25 82.77
47.63 52.35
4.63 99.92
96.85 59.95
59.39 13.46
86.93 82.32
51.12 11.62
66.03 87.10
44.61 92.95
26.28 90.13
58.74 77.05
44.75 58.87
38.53 54.16
93.46 49.81
24.25 61.47
28.38 74.42
87.02 21.27
21.12 42.65
99.23 36.32
31.77 49.66
76.45 86.01
45.66 56.11
47.63 27.93
36.79 8.32
54.48 7.72
97.70 98.12
17.26 71.00
11.15 77.54
65.69 31.88
7.96 59.23
33.07 89.19
99.05 82.97
62.66 44.77
76.79 19.47
4.71 18.62
28.37 85.73
99.15 6.29
85.53 30.47
3.25 14.41
80.94 5.20
30.45 75.76
58.41 12.51
59.74 57.67
41.21 30.94
59.27 85.68
75.74 49.24
95.68 47.56
11.01 33.48
19.49 91.27
13.15 89.06
4.92 94.57
86.72 33.58
86.04 6.54
92.32 96.72
11.84 60.88
28.55 60.16
68.63 46.76
92.59 20.98
88.27 40.76
90.60 4.13
65.31 89.86
22.23 69.78
1.21 29.91
90.81 76.82
7.79 36.11
60.17 12.22
38.98 21.61
54.59 47.38
69.24 20.15
47.41 52.64
7.00 59.61
8.41 85.95
59.36 89.11
21.38 20.77
0.65 2.07
90.99 5.42
96.90 8.27
34.92 8.86
54.77 84.42
20.28 89.85
71.25 73.26
93.81 33.33
36.98 6.31
33.34 23.01
25.46 59.40
76.23 84.38
19.49 6.00
71.20 88.89
95.00 98.54
6.92 56.47
1.11 19.78
76.42 52.59
9.97 22.45
34.75 23.62
39.11 42.03
2.42 66.14
64.13 17.29
51.25 89.46
1.83 21.61
22.31 49.34
32.95 11.87
14.72 3.37
11.30 55.03
26.33 83.07
79.45 36.77
2.07 87.73
72.87 44.33
49.67 55.62
1.86 74.05
37.22 3.75
62.72 40.73
94.08 82.19
43.25 19.31
21.96 51.62
32.91 55.47
70.78 26.77
37.72 45.11
25.80 92.19
3.67 35.01
63.61 84.66
0.94 45.57
67.32 61.74
41.91 8.07
84.64 78.81
94.32 70.20
4.08 43.73
65.43 40.85
34.26 6.32
29.65 33.49
84.19 82.08
52.74 73.69
79.09 87.04
23.44 93.53
49.91 90.41
38.83 59.99
7.56 22.66
89.98 1.58
14.62 52.27
48.88 90.69
11.23 3.41
45.23 39.28
9.81 63.50
71.13 44.92
92.80 69.21
71.29 81.40
82.26 6.78
22.13 21.94
29.04 55.37
51.32 55.17
37.18 67.00
97.42 69.71
12.53 22.42
0.31 60.62
52.57 9.35
85.98 14.63
33.18 95.08
72.17 95.41
27.68 63.43
58.08 10.68
45.17 63.09
63.53 3.76
19.03 33.02
33.59 56.45
88.86 73.93
63.53 57.43
18.04 26.43
68.40 24.37
67.72 46.71
26.89 89.15
15.88 71.44
97.49 21.65
35.42 68.25
20.81 12.07
42.39 52.29
29.13 82.24
91.20 66.29
36.21 54.58
3.11 73.04
82.83 65.17
99.80 70.27
99.67 58.45
10.91 72.19
24.96 91.14
71.39 25.44
59.64 10.87
94.83 61.95
76.66 80.58
67.68 59.65
59.48 23.92
54.44 80.72
70.48 64.26
81.53 34.11
82.13 6.34
12.07 3.26
11.11 88.34
82.11 6.64
77.62 31.07
7.18 78.56
94.76 36.34
74.43 11.41
79.96 84.32
7.43 19.82
82.32 92.22
52.96 56.32
45.35 49.65
69.97 92.80
87.90 86.51
1.11 50.58
24.26 69.84
63.70 27.07
95.55 94.20
61.41 79.09
24.36 39.07
8.39 86.63
22.76 26.60
75.58 34.87
44.48 92.39
92.11 46.90
45.07 76.41
3.60 84.14
17.17 59.95
86.09 34.62
74.02 47.23
5.03 71.70
0.57 71.88
33.23 41.24
21.72 71.96
14.71 28.45
26.66 41.88
14.12 77.81
39.10 35.04
0.16 10.22
59.39 28.28
55.72 97.29
64.46 78.83
26.31 39.99
83.31 98.99
40.01 34.97
40.92 60.55
92.41 10.55
38.38 74.16
28.91 88.69
28.53 35.90
73.81 93.22
56.14 81.79
99.01 82.58
72.35 27.37
91.59 41.07
24.28 58.47
65.12 68.23
49.18 49.92
66.33 27.94
62.95 23.09
2.94 24.35
59.48 13.28
2.63 64.48
41.95 84.03
14.74 34.97
9.07 5.30
43.68 0.07
25.97 94.84
91.04 10.53
7.52 45.22
71.14 77.77
74.28 5.55
80.56 93.07
17.46 20.23
38.91 93.19
71.75 56.04
36.28 40.28
74.44 32.86
74.44 44.96
86.76 84.30
31.20 33.18
17.43 74.18
90.05 81.85
52.65 94.85
2.15 5.61
30.95 56.60
68.10 76.86
20.72 76.73
12.95 7.94
41.78 75.67
69.94 34.59
24.93 29.88
64.35 79.12
20.04 20.10
37.18 39.10
48.12 1.66
19.83 70.18
67.80 80.62
55.95 3.45
93.31 31.80
57.59 65.34
5.55 38.16
99.11 61.61
35.77 74.64
19.99 97.46
1.28 31.49
69.30 2.21
51.91 15.56
34.45 3.16
86.51 32.45
86.48 84.27
82.05 23.90
41.96 60.08
42.48 49.80
50.84 51.80
77.94 99.96
92.87 88.46
60.19 86.20
6.93 96.47
95.56 20.38
52.80 87.47
15.25 35.31
19.37 3.49
42.47 63.90
29.48 40.39
49.53 65.67
9.80 26.67
48.85 40.50
80.12 9.60
37.13 26.88
64.38 68.30
37.19 25.68
47.68 47.29
97.50 1.22
3.15 35.11
31.60 38.96
15.33 52.64
74.23 62.96
65.85 38.06
50.78 48.26
51.77 4.77
71.41 8.66
0.26 5.03
2.98 17.43
92.61 85.53
71.91 13.77
69.47 80.27
30.64 78.22
38.77 26.54
8.80 56.71
44.02 80.21
46.54 63.00
89.61 42.61
38.73 42.54
6.54 30.19
54.73 11.30
36.11 65.54
24.20 35.48
84.92 17.25
67.20 90.78
15.10 27.72
99.32 98.61
49.87 35.48
35.37 99.51
12.72 48.80
19.51 48.80
91.55 65.54
59.52 98.90
2.86 7.21
64.46 37.43
0.70 61.20
72.36 64.32
56.84 49.59
1.40 8.83
61.34 84.81
92.44 10.98
74.93 60.16
9.77 17.92
73.30 92.94
51.67 81.49
81.81 99.48
76.31 77.09
40.61 18.10
89.02 29.59
2.18 60.35
12.42 72.14
53.24 88.46
8.27 32.85
49.99 87.98
19.83 86.21
17.61 93.68
40.66 76.83
33.28 54.48
43.35 16.56
11.71 79.44
42.18 61.88
51.22 61.95
75.74 7.04
20.52 12.13
17.91 30.96
47.30 52.69
56.82 27.17
21.23 71.24
67.18 4.01
81.71 62.42
62.48 91.95
19.56 45.70
31.95 81.03
19.11 25.92
2.92 94.59
46.19 61.80
93.20 41.80
44.94 8.14
19.41 24.82
92.97 70.67
16.36 56.36
16.76 66.11
76.58 44.30
53.67 40.35
32.03 20.48
3.81 92.24
42.68 52.75
90.04 41.11
26.66 81.62
71.04 52.31
40.63 93.48
15.31 53.34
25.83 92.71
71.90 84.78
12.88 58.15
61.28 1.44
90.62 58.98
57.08 64.06
41.08 32.61
53.75 14.10
28.66 27.58
85.26 45.50
2.29 84.27
70.62 17.07
32.09 0.57
9.14 44.01
19.05 83.80
14.00 81.94
55.33 92.92
30.93 82.88
68.77 34.71
91.59 71.58
73.39 60.28
34.55 11.87
71.54 15.08
41.01 54.38
75.73 80.21
79.30 28.07
63.55 5.72
71.30 17.71
45.05 98.87
3.19 27.96
80.77 18.64
64.30 64.23
4.55 26.60
2.92 92.90
68.18 41.82
39.48 79.18
48.40 53.38
37.51 49.15
92.70 49.91
89.83 4.58
59.69 15.95
17.54 98.67
0.63 92.49
71.47 27.56
51.46 21.36
61.31 71.30
46.91 72.34
97.93 64.98
76.55 61.57
53.64 33.67
62.76 72.50
59.92 39.95
56.18 28.40
44.84 70.14
61.58 16.15
27.91 72.35
2.56 58.33
0.22 5.51
36.27 31.58
57.36 70.53
45.68 30.81
94.07 26.85
67.60 7.94
93.72 94.66
39.07 42.03
57.47 12.15
44.22 52.30
32.70 21.64
30.51 22.95
19.89 15.83
65.58 75.29
38.79 62.83
50.13 20.30
97.05 11.22
13.69 82.62
84.33 72.14
32.75 67.02
23.22 76.63
61.38 13.23
24.36 87.38
97.79 23.26
93.82 65.06
75.37 67.15
29.92 97.11
52.70 26.80
95.05 29.51
32.46 80.24
24.43 28.41
39.52 51.77
34.08 41.09
3.01 19.30
5.62 69.38
79.16 90.82
98.63 65.18
39.60 52.61
36.28 44.65
92.42 77.98
15.31 61.91
34.52 45.67
6.63 16.66
47.46 81.52
63.55 92.50
79.55 98.12
80.71 73.02
91.04 53.29
27.01 20.58
93.31 59.28
18.97 79.37
18.09 70.34
85.53 66.63
0.91 35.61
57.70 11.99
36.11 19.62
98.22 54.09
91.85 58.50
40.73 10.32
23.69 26.33
75.50 9.94
49.50 38.80
68.79 50.04
6.51 98.66
72.69 98.57
80.03 23.12
4.86 9.19
12.51 96.53
65.25 78.55
82.11 88.18
28.71 33.43
28.48 37.37
17.34 66.01
67.43 68.36
59.98 59.51
13.71 33.80
73.11 3.28
0.56 47.09
9.35 15.13
44.84 81.70
38.12 57.63
15.87 88.11
82.76 61.01
34.94 5.07
22.53 86.89
78.47 53.81
58.37 85.13
2.60 88.37
92.51 14.38
27.44 47.94
19.39 38.70
27.16 2.16
54.40 80.27
95.69 35.72
28.79 59.37
60.98 98.30
74.27 36.63
96.13 71.30
83.72 19.00
64.81 43.56
83.35 6.77
87.42 81.04
85.84 33.08
69.94 14.26
54.60 26.44
88.58 56.19
36.00 13.44
5.90 4.05
71.03 31.97
27.72 17.42
61.69 68.16
84.14 17.22
77.02 61.04
45.58 42.20
6.48 19.91
30.80 37.40
0.19 54.16
44.85 92.15
28.20 85.50
74.65 55.46
18.50 41.75
28.16 40.90
90.94 69.95
8.07 19.98
46.38 92.70
1.32 37.92
74.00 64.50
98.94 40.02
95.66 27.64
17.71 76.88
42.18 90.67
61.90 88.51
35.10 3.90
1.14 2.10
81.57 47.13
49.70 66.17
98.85 31.35
19.96 5.27
24.68 52.22
62.36 94.86
10.85 79.01
83.80 83.31
59.48 28.21
6.79 55.97
27.63 33.02
14.51 84.93
13.49 34.16
39.25 60.06
19.74 91.35
38.59 79.12
9.74 40.21
25.02 79.47
58.53 43.55
55.64 98.08
24.61 74.23
93.72 25.07
93.28 83.27
63.48 2.34
21.28 26.42
37.81 66.66
15.11 66.70
2.08 56.37
45.14 49.61
63.57 11.56
2.44 88.29
89.25 17.42
79.22 86.11
56.85 84.47
35.93 6.25
81.63 95.75
62.16 12.20
16.17 6.38
13.50 85.11
63.16 0.53
37.30 95.51
5.53 69.00
8.75 96.36
25.86 30.20
39.10 40.33
10.47 6.76
62.21 60.66
38.69 10.66
14.95 81.41
34.76 13.79
0.86 31.63
79.86 81.35
42.55 63.82
12.82 33.19
47.30 27.81
2.56 61.87
34.65 51.98
21.84 63.69
12.98 55.26
25.07 6.89
45.46 89.80
56.90 46.04
49.70 28.68
92.56 72.03
56.07 23.75
32.01 54.98
99.27 99.58
67.72 86.01
61.28 83.23
76.43 78.83
78.56 43.50
73.93 89.36
46.28 83.34
42.88 35.51
43.82 89.70
12.56 89.81
21.60 53.54
77.66 53.37
63.93 29.36
44.41 15.85
4.20 55.08
94.49 89.00
20.06 0.87
61.71 85.73
11.20 0.29
91.56 53.48
82.47 91.21
53.93 92.83
94.90 91.49
24.07 32.86
39.88 29.28
82.41 12.74
52.74 8.51
48.22 11.19
22.98 71.36
67.30 7.91
12.54 83.19
5.96 82.39
95.39 92.89
65.54 59.91
5.32 86.18
81.17 84.35
59.96 24.09
21.95 74.76
62.80 44.73
50.90 34.59
22.72 2.56
92.76 53.72
13.17 50.13
38.63 56.44
45.47 65.81
56.31 82.79
40.05 19.99
92.03 24.56
99.75 98.91
86.68 63.83
71.33 13.25
78.14 26.36
56.39 59.18
88.35 39.52
16.80 5.85
44.48 58.47
10.70 82.48
96.61 80.43
28.85 20.37
81.47 59.03
81.69 34.90
73.39 47.09
47.20 20.79
2.50 5.77
7.72 42.44
16.00 20.47
98.66 98.83
79.84 53.09
22.13 68.50
18.26 61.98
14.92 87.44
37.75 99.31
66.98 69.60
73.52 49.59
8.76 14.94
20.04 38.89
81.04 37.32
37.18 81.84
56.10 74.47
34.33 13.17
6.04 7.75
41.92 82.89
62.70 95.10
76.61 97.77
2.12 6.65
99.96 90.25
69.91 20.51
41.05 49.02
15.31 17.19
32.10 97.68
40.52 69.08
60.21 72.15
72.32 26.38
66.79 19.61
98.26 29.47
13.66 41.17
38.70 6.79
23.75 53.27
74.63 64.92
60.26 68.75
49.36 86.28
80.80 46.01
94.16 15.94
10.76 18.21
22.33 83.75
10.90 21.36
54.26 81.07
7.81 73.20
86.67 20.00
24.52 7.29
38.79 63.61
33.15 1.14
60.33 57.11
47.10 23.19
86.27 94.58
7.97 69.20
43.33 92.49
73.65 49.98
21.43 37.84
36.64 45.58
75.01 92.83
52.35 41.14
74.91 95.31
13.64 34.08
78.59 67.44
56.61 28.26
6.09 89.06
39.19 64.58
55.39 76.11
29.31 70.51
42.70 54.61
66.65 86.47
54.92 21.82
14.74 23.78
80.81 36.91
92.70 23.49
18.17 8.97
82.47 79.12
64.06 98.54
34.35 81.91
16.94 62.44
20.83 25.19
94.69 89.71
18.25 93.18
31.69 50.56
74.61 83.01
36.47 54.91
39.86 91.77
7.15 94.91
31.99 24.89
85.73 76.26
49.99 17.49
91.85 45.81
94.55 38.32
88.82 71.87
83.23 22.40
3.90 22.00
87.91 82.49
82.86 68.19
7.38 66.52
31.37 69.20
93.09 37.24
25.48 93.40
58.19 49.61
38.13 0.10
18.95 50.03
63.02 34.64
44.98 2.60
27.60 69.39
5.78 75.42
84.56 20.12
86.23 99.76
42.72 81.43
82.18 57.77
11.95 47.78
82.01 6.88
1.04 12.21
80.71 35.16
16.77 77.03
44.75 2.21
98.42 37.78
65.73 44.45
78.81 85.07
37.07 53.08
3.11 6.52
63.32 20.32
13.32 26.68
7.34 45.61
81.52 89.17
46.83 6.46
13.74 29.33
26.47 69.89
22.20 89.13
31.17 77.90
39.25 77.25
40.44 5.36
48.59 90.59
90.32 13.73
26.21 12.10
28.32 41.94
74.44 59.52
90.98 43.85
37.73 26.08
61.25 13.28
8.05 27.82
4.78 6.97
3.22 90.34
66.34 67.99
56.18 4.85
69.84 10.37
79.90 6.10
46.48 51.47
33.65 14.84
78.10 5.85
34.37 33.28
82.63 29.33
31.08 30.07
7.48 97.56
65.89 39.56
82.22 35.46
30.46 31.05
95.54 89.24
75.49 85.85
97.98 33.03
70.44 95.50
52.16 70.59
98.65 68.41
55.53 40.79
45.43 24.47
36.98 34.61
58.21 88.44
88.18 75.12
43.76 54.58
17.62 85.37
39.94 80.09
61.54 28.25
94.32 12.71
58.47 4.38
86.17 59.21
93.43 18.29
98.13 81.82
96.72 44.43
51.06 82.17
58.41 19.75
16.44 90.52
68.12 1.26
62.25 36.78
32.33 96.24
67.29 73.41
65.85 48.58
12.77 97.16
71.33 66.31
3.13 60.66
94.73 36.28
46.34 58.16
45.34 56.07
25.36 28.40
19.24 18.86
26.54 58.68
65.76 0.75
22.58 13.69
99.49 60.40
84.59 84.50
56.38 88.42
58.22 88.74
64.42 43.66
88.11 67.55
94.13 22.41
90.10 16.16
78.99 41.39
85.16 96.82
60.04 75.32
26.67 37.75
97.46 69.17
56.89 21.59
49.91 81.72
14.70 60.97
49.34 16.23
26.31 21.27
40.31 12.72
49.39 63.66
1.96 36.44
20.55 27.22
39.23 55.75
3.78 89.63
12.02 43.99
8.56 42.65
72.96 28.46
59.69 18.21
86.58 10.38
22.37 86.15
43.75 13.34
48.81 81.19
78.69 18.80
96.76 42.58
35.56 39.47
32.69 62.78
0.14 37.48
23.89 99.50
29.83 9.59
60.90 45.07
75.75 37.12
58.98 23.43
6.63 80.49
80.03 42.79
71.78 70.19
87.11 26.82
45.30 92.80
85.10 23.56
82.44 50.75
9.72 68.63
3.60 11.62
91.60 1.82
79.47 78.12
76.48 40.78
51.81 26.10
33.01 13.95
68.36 76.50
76.99 53.05
62.06 20.25
23.15 45.20
12.94 9.98
80.79 52.83
0.23 21.76
57.51 94.76
75.02 4.90
83.07 2.27
99.94 18.01
86.96 79.10
65.07 93.46
1.59 61.36
87.68 34.12
99.59 20.33
17.31 0.83
40.79 54.42
88.78 59.74
62.27 24.61
11.12 2.17
19.98 32.75
36.63 36.39
76.20 77.03
16.68 99.83
64.04 38.41
54.63 90.89
83.81 58.88
93.28 68.64
27.16 45.03
80.49 85.45
78.64 15.24
93.75 7.41
55.37 14.93
93.67 5.39
97.21 49.21
5.26 71.49
89.55 78.79
35.66 2.26
25.70 33.68
42.63 93.14
67.40 54.19
22.99 36.41
33.56 88.58
12.41 94.36
51.73 29.83
57.52 58.09
44.14 29.39
43.26 35.81
2.42 64.80
45.55 67.17
12.39 91.43
53.38 65.16
91.37 63.40
81.07 39.47
99.74 74.79
35.91 73.73
30.49 29.70
14.36 3.24
57.81 79.63
87.29 76.92
2.22 78.04
52.44 23.89
95.29 11.43
34.47 47.48
5.01 71.53
71.82 6.60
32.53 13.91
68.39 19.88
48.81 27.20
18.92 35.73
21.80 43.21
54.40 5.78
68.70 96.86
25.28 31.73
14.38 5.28
24.88 61.90
78.02 35.82
77.96 5.05
41.78 54.20
53.05 70.63
69.46 26.86
56.80 95.93
21.14 91.40
88.00 17.95
96.23 74.74
93.05 30.30
67.74 71.81
23.53 82.98
41.93 84.19
54.68 70.08
29.97 35.24
62.18 86.60
57.89 34.04
20.60 80.81
56.32 33.86
20.37 58.17
90.23 40.97
59.69 99.53
69.18 32.90
57.85 13.14
26.61 19.30
95.27 73.14
15.09 78.44
95.18 33.01
33.42 43.45
14.03 24.72
30.92 80.31
46.17 92.21
61.70 93.56
68.70 57.72
39.22 98.53
38.39 5.84
11.36 89.70
15.49 29.45
4.96 61.75
2.41 94.94
42.65 54.87
67.21 35.84
50.26 94.33
60.68 6.66
13.83 25.21
69.02 14.26
2.31 82.11
61.20 72.41
54.74 21.15
88.76 76.40
84.14 34.29
99.64 64.19
31.24 29.94
21.54 23.87
32.13 64.61
20.27 73.09
6.52 0.26
92.87 33.71
14.32 59.84
14.74 7.13
55.70 32.81
33.52 76.12
16.53 90.41
60.16 21.90
65.90 56.20
0.21 12.12
79.73 39.18
22.35 15.52
42.06 13.47
26.17 36.10
31.00 20.10
44.64 30.67
19.55 62.69
59.45 52.77
99.63 84.45
55.82 12.56
39.87 46.29
60.27 80.84
39.36 50.94
77.45 44.89
16.17 3.84
32.85 50.10
26.73 66.14
15.73 62.13
21.19 24.66
18.55 81.26
42.93 27.54
13.82 44.22
54.29 35.37
42.77 30.04
58.17 72.88
93.90 57.98
10.17 12.49
11.04 20.98
62.61 51.49
52.06 0.77
28.13 9.69
6.49 49.40
99.53 86.27
42.66 32.00
20.64 74.84
85.65 4.15
76.71 9.53
62.91 24.90
28.12 73.57
50.98 79.11
40.55 8.48
59.63 86.78
23.18 31.15
78.75 71.99
96.23 45.01
62.94 57.78
41.09 5.38
98.37 87.37
2.60 42.03
43.84 5.71
58.38 16.89
28.51 6.09
0.03 85.98
72.89 65.77
5.65 50.54
12.18 43.43
58.49 52.72
67.92 70.67
67.74 89.86
43.44 77.29
32.15 27.42
79.39 77.08
56.50 55.89
59.09 24.92
81.92 10.74
31.32 32.58
41.85 87.94
3.94 54.34
59.85 67.96
88.01 30.76
45.79 2.39
38.70 67.06
29.53 66.53
16.71 25.92
9.12 49.81
80.98 70.11
51.75 40.33
67.85 53.74
12.92 6.61
63.32 81.38
7.30 88.01
85.50 47.79
99.94 47.46
91.11 27.28
98.06 68.44
1.77 94.17
82.73 55.25
83.31 58.38
26.94 68.81
8.37 34.56
12.33 4.76
99.47 13.61
36.05 63.15
18.93 93.82
99.60 2.89
74.85 81.09
42.90 41.52
70.90 68.25
26.35 56.57
14.04 21.32
4.47 66.01
28.39 29.55
51.20 48.17
43.00 21.43
12.34 97.33
2.35 70.82
9.30 22.08
87.82 74.18
91.98 71.03
17.42 21.69
43.36 21.16
22.22 93.17
98.83 93.01
99.61 53.20
20.38 55.02
1.60 30.01
49.65 41.87
61.97 29.42
16.46 60.64
85.07 28.74
71.93 92.77
41.38 75.59
9.62 97.19
14.29 59.83
5.76 30.06
3.60 55.69
15.28 7.80
94.01 37.02
54.49 12.50
5.97 40.84
87.67 93.15
66.17 27.21
30.54 67.46
98.28 89.26
88.98 88.38
81.86 0.05
13.91 56.58
16.09 42.31
7.97 36.07
71.70 20.86
84.79 27.15
4.82 38.12
97.17 72.79
88.43 26.31
40.36 4.23
12.72 50.67
63.79 76.77
69.85 82.71
45.65 74.82
40.35 51.30
14.19 63.30
3.67 15.43
12.41 75.90
61.65 23.02
88.06 60.31
95.11 59.91
42.65 71.13
34.67 93.83
27.80 4.22
23.53 0.23
82.94 41.50
99.19 4.53
7.02 62.10
67.79 62.72
10.31 41.07
97.44 64.17
89.24 49.03
41.41 16.55
25.61 76.20
83.56 58.15
72.68 9.30
66.85 19.92
46.15 32.81
49.51 46.27
1.26 17.25
59.56 77.97
97.16 11.69
44.71 47.75
75.38 8.00
44.09 44.15
46.54 85.86
19.54 38.48
85.15 34.19
74.04 12.25
93.94 82.72
68.60 78.04
38.32 68.90
15.71 66.73
89.57 40.17
48.18 34.17
16.18 33.58
62.45 85.97
48.87 16.15
62.53 79.76
63.54 71.40
35.37 33.93
61.97 75.91
56.92 85.81
89.79 90.94
65.39 74.44
30.27 32.22
21.47 62.49
8.52 10.11
87.25 89.30
20.34 54.04
71.00 66.28
57.10 79.60
84.52 77.04
19.52 1.89
57.67 63.54
67.98 26.97
71.66 55.12
31.00 10.82
73.73 59.88
66.81 59.33
6.35 96.57
10.09 28.12
97.84 69.21
44.10 80.50
6.63 11.28
81.28 97.82
23.42 76.29
8.91 49.94
19.78 3.91
80.64 64.39
80.00 97.29
24.83 16.90
51.22 45.89
55.35 35.76
79.03 93.05
18.95 55.25
25.40 3.04
88.44 80.32
37.34 51.72
60.65 25.92
47.28 82.07
85.48 75.81
60.78 56.88
32.35 12.52
12.65 4.20
67.92 85.31
43.59 90.94
35.88 89.89
19.67 5.21
93.86 41.77
41.57 46.01
96.24 25.56
46.37 81.63
20.14 95.80
92.05 96.46
80.80 98.09
85.21 53.17
80.45 88.67
60.45 85.43
5.23 51.33
6.06 97.34
69.50 82.88
20.80 46.59
47.36 8.31
55.05 19.64
88.73 46.42
99.17 78.62
84.56 24.12
74.88 53.82
76.13 48.24
5.85 43.18
14.89 56.76
84.02 82.89
34.52 84.41
5.48 79.81
26.88 73.93
89.68 54.49
18.99 2.80
59.36 71.67
26.53 63.10
88.83 13.43
78.12 67.30
75.69 20.95
52.69 49.86
13.23 35.40
18.49 7.59
9.38 21.88
72.25 47.44
6.10 13.42
5.84 16.11
48.57 73.14
47.19 36.28
46.22 63.92
52.15 95.50
61.54 81.87
52.69 2.05
95.33 86.99
19.84 61.18
93.84 35.24
78.97 23.05
77.45 45.42
88.97 41.42
24.16 96.06
46.01 21.98
65.56 75.40
27.30 68.41
56.46 85.62
90.11 48.71
26.23 98.66
2.24 47.48
42.14 12.34
23.88 90.78
72.10 88.80
17.52 33.40
59.78 80.60
29.37 56.25
71.78 4.34
76.80 94.52
27.34 41.06
60.02 13.37
98.91 1.09
42.04 88.91
96.72 62.15
91.04 67.26
36.91 23.76
1.12 4.77
76.37 48.56
9.94 61.99
52.39 97.54
46.81 4.80
46.54 66.29
85.73 49.26
15.34 32.71
45.37 64.28
5.81 60.88
69.77 72.57
85.79 50.40
23.23 66.36
88.38 15.75
85.34 54.41
91.44 23.63
84.98 4.67
28.14 39.76
61.79 42.87
64.16 10.28
43.97 77.26
12.28 72.63
35.02 81.02
26.50 66.40
19.92 76.83
29.57 34.75
77.37 88.28
98.36 82.19
30.58 1.42
17.47 43.40
89.01 34.19
62.37 49.44
41.28 58.39
76.69 59.54
39.48 26.44
51.92 49.99
28.03 16.68
41.52 7.86
19.22 78.81
59.01 56.14
91.11 42.78
39.68 17.82
6.55 23.26
79.30 81.80
59.67 66.57
17.86 37.53
51.55 94.58
11.39 86.57
69.11 57.83
78.31 41.21
84.95 25.50
77.93 92.89
98.60 45.03
12.77 75.27
73.88 94.37
73.25 59.87
81.07 69.36
71.40 70.71
94.10 79.15
58.27 55.79
62.30 34.69
78.30 40.06
65.84 16.30
62.55 11.00
20.49 13.66
57.88 13.43
64.20 61.30
69.30 34.90
75.65 47.58
89.55 45.09
91.67 78.05
95.68 22.59
22.42 86.89
66.01 94.13
28.42 24.37
61.04 98.75
28.79 22.35
20.92 76.99
60.11 93.68
32.14 24.11
37.54 12.86
98.84 80.60
76.00 27.47
13.88 53.30
28.68 64.18
97.27 65.85
34.94 14.77
90.04 93.55
51.05 78.47
67.57 16.58
60.26 23.99
35.21 44.80
34.52 16.88
8.22 24.42
3.59 57.86
34.39 83.27
15.18 80.83
74.61 3.90
16.62 6.09
60.48 32.17
83.62 3.21
18.54 74.48
47.73 46.54
17.56 23.18
28.01 96.76
63.78 8.03
85.11 25.21
67.12 50.78
96.19 42.66
57.65 24.85
34.65 28.75
81.30 16.30
23.11 86.97
63.27 9.68
64.80 6.63
91.62 32.86
2.70 14.79
65.04 47.68
67.54 13.48
4.10 62.46
72.26 96.98
5.92 3.59
77.70 66.03
45.87 64.09
53.07 92.31
67.18 96.83
63.93 32.45
98.85 55.08
19.51 72.16
50.47 0.22
75.40 10.06
47.09 37.44
21.66 68.26
8.60 85.60
30.62 84.76
95.13 61.99
80.94 79.61
23.32 20.00
51.24 79.54
5.87 40.97
11.10 51.97
94.56 47.60
11.10 63.82
20.14 26.48
84.06 96.41
10.58 82.79
3.49 2.62
21.85 28.33
82.73 36.16
11.15 59.83
0.91 30.70
97.29 5.24
2.83 76.99
40.05 69.77
31.05 69.78
50.16 67.68
84.77 54.78
53.63 83.62
60.04 98.67
5.36 43.69
39.31 97.23
10.09 78.96
78.39 52.14
83.21 12.42
79.72 30.09
26.33 85.06
25.83 14.06
70.13 48.68
88.66 19.30
57.88 94.00
10.70 14.44
40.91 38.36
89.84 75.87
53.27 94.21
57.01 37.93
72.07 11.86
22.53 30.90
21.61 16.98
10.75 29.84
96.57 19.12
20.54 45.92
75.47 51.69
47.44 90.83
26.19 33.20
71.26 5.03
73.61 43.21
26.68 72.51
30.77 36.47
36.62 28.93
81.15 69.32
53.96 40.54
51.45 8.30
19.45 11.15
57.23 81.41
77.35 60.71
56.25 79.36
24.77 40.38
77.71 69.46
7.58 36.55
18.70 86.21
67.11 78.36
83.66 87.51
87.55 64.79
38.14 74.24
98.14 92.12
63.12 66.27
54.51 23.91
95.56 48.66
6.28 3.95
25.08 88.22
20.40 61.12
63.98 98.24
86.37 47.44
79.69 44.74
18.45 60.73
57.28 32.41
60.28 49.76
77.67 89.33
38.62 87.69
62.05 24.32
15.90 73.38
42.77 83.09
13.97 17.51
8.28 92.70
61.28 55.25
25.79 1.98
76.78 3.92
25.96 2.85
30.06 61.16
48.80 58.22
46.41 41.32
25.35 55.05
80.67 48.46
31.06 44.87
90.13 28.12
78.56 49.45
59.36 93.91
31.31 81.18
52.01 17.54
90.71 47.48
28.43 11.62
22.18 26.82
39.21 15.62
16.13 91.07
9.82 59.24
48.34 75.98
60.81 15.15
96.39 57.64
35.94 38.07
39.15 93.55
20.59 9.67
30.15 30.07
73.48 29.25
23.56 65.54
27.42 59.68
89.42 8.55
24.72 89.20
97.08 15.81
19.14 90.93
51.26 51.14
39.24 89.64
82.01 80.24
78.36 43.52
13.60 95.71
21.81 79.43
30.67 27.53
45.39 56.30
35.84 31.87
61.49 46.79
58.41 24.78
1.67 54.26
87.94 29.45
3.01 29.94
88.78 51.34
64.19 48.25
17.53 94.74
55.90 93.17
28.85 91.87
41.11 98.54
73.27 42.23
51.36 47.81
74.23 7.68
37.36 87.69
13.63 30.20
31.25 19.21
66.27 39.23
69.13 85.10
10.01 58.60
44.56 25.32
97.42 76.25
63.65 17.10
34.65 15.13
52.70 98.40
88.95 37.35
16.51 7.13
11.07 36.73
66.73 50.79
77.74 29.35
79.70 34.82
38.09 52.43
38.22 76.60
45.84 49.20
24.89 36.07
60.03 12.08
3.28 76.75
47.62 15.41
42.80 71.66
7.61 41.40
8.54 78.08
6.41 42.46
43.57 89.96
24.90 61.79
50.33 3.42
18.52 58.28
23.86 34.16
17.92 85.08
77.05 68.33
94.54 74.15
45.12 1.03
77.46 54.74
72.02 22.95
94.93 80.18
89.61 80.89
70.19 13.99
57.89 79.00
31.71 4.82
97.20 33.63
67.60 11.96
32.53 19.23
91.71 27.66
73.40 33.21
63.20 82.41
12.42 16.80
81.47 89.71
41.08 2.66
94.96 22.39
20.17 22.50
99.52 22.56
85.36 21.53
8.74 82.61
9.20 27.25
86.95 84.39
27.40 61.39
52.28 34.78
91.74 58.56
75.64 43.52
59.86 34.34
68.42 30.78
39.77 83.56
13.24 22.49
18.84 52.60
65.79 43.75
54.09 3.63
59.06 39.36
21.57 97.46
26.47 83.54
73.05 30.13
51.18 30.43
89.47 85.38
29.43 63.00
23.36 28.53
2.80 12.66
34.95 55.88
18.40 12.69
11.98 99.52
4.08 94.64
5.57 18.18
68.62 12.43
12.63 82.37
47.75 74.86
25.88 74.86
71.48 26.14
62.44 1.89
46.55 53.59
1.95 95.83
15.96 43.15
98.83 40.94
4.36 78.35
98.93 3.77
3.20 77.72
45.78 72.67
76.07 25.90
17.10 50.94
55.83 76.73
7.24 45.12
57.85 32.71
26.12 80.19
12.82 25.71
84.32 61.01
17.44 50.67
89.86 67.16
45.39 27.66
66.68 23.27
17.86 71.05
31.13 64.18
77.66 91.27
8.70 22.70
90.59 44.50
44.76 58.73
50.06 72.97
79.42 20.00
96.15 51.46
70.99 48.95
29.87 70.34
59.48 99.85
55.74 80.49
11.88 75.05
86.47 6.06
18.63 11.22
23.41 84.07
61.65 95.25
48.27 12.10
67.33 98.13
58.93 14.86
98.45 71.55
28.25 81.35
20.65 2.06
58.61 93.85
6.67 0.13
89.96 39.95
7.08 73.00
21.57 35.17
43.11 91.79
9.12 90.63
90.32 81.24
94.55 80.85
35.39 76.75
13.34 76.15
0.23 3.08
72.01 54.07
54.31 61.42
44.43 25.49
49.19 78.69
49.99 48.63
70.45 82.54
54.66 9.34
34.10 12.71
35.86 87.30
5.84 69.23
41.07 45.85
93.80 76.77
92.97 31.48
85.06 5.28
13.15 72.13
10.72 87.37
94.90 80.17
67.77 78.28
19.27 46.31
50.26 85.39
92.96 5.07
92.03 6.76
99.77 91.73
80.06 4.01
87.37 16.85
95.27 77.95
5.74 50.17
27.45 52.85
72.07 74.76
0.16 10.89
1.80 29.56
16.76 91.50
69.94 38.14
94.20 58.45
45.12 8.51
91.44 14.29
52.95 45.24
64.37 18.27
52.11 66.50
65.31 11.77
36.82 36.79
26.80 47.29
59.23 69.06
83.31 27.84
88.24 67.09
53.08 7.69
7.02 33.66
17.81 81.49
34.08 79.37
73.23 11.97
37.66 56.10
12.54 35.10
48.05 79.72
30.72 63.37
89.51 68.02
25.79 63.34
28.37 66.61
86.97 2.76
28.43 66.89
86.88 15.52
91.64 81.34
30.17 88.43
39.97 7.00
89.50 11.33
37.20 13.86
12.06 33.57
81.74 18.37
9.82 71.82
22.57 61.59
98.34 69.60
74.85 72.32
64.08 55.68
84.66 40.87
23.55 50.78
93.08 87.11
9.56 31.95
39.85 57.17
48.79 60.10
10.74 66.18
54.22 36.85
78.17 42.38
78.03 51.59
88.15 38.60
16.08 73.51
29.96 59.42
39.27 48.48
40.50 26.27
67.58 50.90
69.35 37.81
54.65 65.09
47.14 56.51
99.84 58.52
71.56 83.38
17.03 45.77
80.62 96.27
31.53 90.84
64.18 16.82
93.55 96.80
88.42 92.34
7.59 87.11
89.03 64.71
87.15 93.76
77.76 23.52
32.04 93.96
18.67 58.35
35.04 36.55
67.24 65.03
69.54 42.30
51.85 27.60
24.56 68.67
50.37 56.94
43.46 60.49
64.91 84.24
10.34 16.23
19.16 42.75
80.40 89.70
24.95 74.99
0.72 77.69
67.92 56.87
51.50 14.79
95.29 56.52
54.15 7.79
86.74 44.55
69.33 60.65
0.10 61.97
12.46 27.21
87.29 83.09
16.43 31.15
15.59 57.96
30.05 81.41
64.63 18.10
23.32 75.81
53.29 57.83
8.29 29.00
92.44 3.20
60.42 8.01
6.27 29.96
44.87 7.83
17.38 87.95
71.55 52.65
96.79 17.74
66.80 25.59
72.61 84.40
32.56 77.35
18.92 13.08
67.41 74.26
52.15 33.50
6.21 27.20
61.49 72.17
48.51 33.78
6.21 26.14
75.32 3.37
16.14 56.67
26.98 40.71
46.82 63.70
37.74 80.65
6.61 34.07
62.12 45.83
66.19 58.76
70.12 81.92
60.42 37.26
29.80 71.49
22.21 20.76
67.01 7.91
25.10 76.36
38.44 59.69
19.50 23.24
26.43 51.44
32.98 64.68
80.95 3.41
31.05 75.72
41.89 4.15
94.90 2.25
58.59 12.14
20.29 95.78
59.20 94.78
41.61 15.16
82.45 3.10
80.94 84.33
81.30 21.61
81.93 4.25
61.23 50.46
84.06 40.88
22.81 30.85
52.99 2.26
68.50 37.30
80.29 17.84
91.37 3.01
63.41 39.75
18.26 43.04
21.15 2.07
35.34 36.44
22.88 83.95
54.43 40.32
35.35 7.10
84.80 12.69
50.83 23.33
89.55 69.33
49.74 89.43
75.43 89.92
92.31 38.82
59.54 30.11
15.31 58.54
84.82 96.01
94.34 33.45
48.69 14.38
88.70 2.78
52.07 38.43
20.20 42.02
54.17 71.35
13.04 18.01
94.52 29.59
59.04 85.05
85.49 93.47
22.97 85.72
2.12 44.75
34.90 5.88
84.79 81.48
90.83 6.45
49.83 54.54
73.19 5.65
26.79 63.61
1.88 59.58
44.90 30.07
86.88 44.29
18.63 6.61
46.78 3.86
19.33 25.68
3.93 84.88
86.45 19.20
34.59 5.48
28.61 48.81
25.52 98.04
97.87 94.41
91.50 32.44
65.88 6.11
21.70 27.69
22.85 2.57
67.76 34.08
55.16 61.04
71.44 75.83
72.92 8.32
98.98 12.55
46.38 55.47
97.44 76.94
56.55 25.52
29.06 37.39
74.51 24.01
14.58 69.69
41.06 73.37
14.79 52.64
46.78 7.15
90.26 15.79
36.20 98.11
75.91 83.71
1.43 18.45
18.96 49.69
64.44 34.41
23.69 24.11
26.18 14.67
50.04 33.71
53.92 35.81
90.22 4.91
83.58 78.90
95.18 51.24
98.45 73.05
28.54 93.91
5.80 75.35
13.83 67.99
5.56 50.87
3.59 58.95
16.11 36.93
15.78 46.45
23.92 10.39
42.65 98.17
82.83 46.73
89.32 91.62
24.06 44.29
61.34 1.21
83.71 61.37
59.52 62.20
43.71 56.45
59.81 10.39
23.19 10.19
43.42 33.12
6.14 42.76
97.55 14.34
29.07 98.10
37.12 5.45
70.07 9.81
56.08 60.86
49.61 93.28
40.84 65.90
60.25 57.91
13.28 89.04
98.33 84.74
98.06 3.02
58.61 23.49
66.40 63.01
84.00 56.37
91.08 27.98
27.71 49.36
24.01 94.25
0.16 36.09
50.66 57.94
92.72 68.36
47.10 87.70
86.69 39.39
63.92 15.45
91.83 71.71
83.46 23.38
16.88 67.23
82.88 79.68
14.14 40.50
37.84 47.12
40.04 20.88
20.72 95.03
57.96 38.77
23.08 30.52
9.82 76.81
48.54 60.19
74.63 78.75
26.31 56.35
42.04 83.93
53.60 27.14
24.98 3.80
21.72 52.42
21.72 27.16
30.46 0.93
50.66 44.62
98.70 24.81
5.51 65.37
87.73 42.63
88.69 84.92
98.00 78.79
12.07 98.17
44.50 14.66
48.18 45.40
8.27 2.79
34.04 95.41
24.42 66.13
32.24 63.42
26.42 12.58
54.52 2.66
97.98 62.87
46.62 61.03
9.39 11.30
28.54 1.72
8.44 80.04
97.46 28.50
74.69 53.77
71.04 99.19
98.05 60.92
75.14 20.17
13.56 43.13
45.36 77.94
28.06 54.74
82.44 0.33
23.16 90.99
53.81 56.10
28.88 97.22
86.70 78.09
16.68 3.57
68.70 11.82
40.59 85.43
55.68 8.49
53.88 47.08
93.04 20.98
88.37 95.75
68.94 33.86
32.93 70.00
12.01 33.73
21.83 20.75
73.22 13.52
57.62 9.35
70.67 8.90
50.60 7.70
95.59 32.91
94.10 56.66
19.65 59.10
88.18 1.31
74.50 25.55
1.90 12.55
82.94 75.64
45.65 72.81
32.25 68.79
38.13 97.38
98.06 75.22
43.57 5.42
1.37 31.77
6.60 9.23
81.88 9.23
48.58 4.53
33.67 97.43
57.73 60.62
87.29 49.29
24.37 54.21
26.54 15.07
21.03 53.16
2.37 7.46
51.56 4.77
89.42 57.30
48.79 5.06
37.97 18.57
12.15 61.98
60.45 46.39
97.53 90.27
87.74 38.06
20.29 77.54
2.75 66.94
6.50 28.34
29.08 62.38
39.03 35.45
40.47 92.24
22.94 39.18
11.36 9.62
1.65 59.28
25.93 76.26
29.73 37.10
46.73 57.00
65.22 99.80
40.84 34.58
49.43 38.16
68.58 44.85
86.01 34.42
53.09 43.74
60.82 70.28
41.13 0.08
59.07 34.13
9.70 21.38
96.67 86.21
85.96 71.67
66.84 87.53
63.41 29.81
58.09 56.33
96.31 74.92
64.98 30.59
34.03 30.25
34.93 0.24
46.65 55.95
63.81 99.87
7.05 71.19
14.31 8.59
61.11 77.53
48.36 53.72
49.61 27.96
51.31 12.11
6.05 30.62
32.74 99.13
36.33 62.19
89.59 13.76
19.35 71.43
1.78 8.28
5.84 76.39
53.38 75.91
87.72 68.84
97.63 83.77
20.04 24.32
97.78 65.89
77.11 93.71
40.19 44.46
29.63 46.48
28.44 42.64
88.26 34.88
97.36 40.65
36.99 3.86
6.16 88.87
68.96 93.67
81.91 47.79
23.07 81.85
91.20 35.45
4.66 46.31
50.34 63.68
47.83 57.02
86.51 24.57
74.07 92.05
25.20 57.61
21.43 95.97
75.64 12.28
64.17 19.52
95.96 26.79
23.39 85.44
20.12 38.32
14.88 75.70
48.76 34.65
39.55 76.22
91.98 75.65
30.00 10.21
22.45 8.84
48.02 59.09
84.11 73.31
53.20 24.44
0.43 75.53
4.83 55.89
94.05 83.65
37.15 78.08
62.58 91.48
72.84 13.88
0.84 37.68
81.64 0.60
16.27 94.02
20.78 24.29
70.19 18.23
33.00 12.93
89.97 56.20
31.89 38.77
86.09 67.77
15.07 11.79
85.08 34.52
41.59 81.05
19.35 80.22
45.79 36.43
78.71 12.36
49.14 62.14
5.91 51.22
67.20 80.78
96.97 46.88
20.64 21.23
28.27 50.51
30.99 27.48
10.71 62.80
97.00 72.10
10.46 84.07
50.18 99.51
82.49 24.54
62.75 10.38
62.25 47.95
97.43 54.17
75.54 72.00
75.70 55.53
54.98 86.95
33.31 51.83
97.05 15.74
69.29 60.00
68.45 37.30
77.85 31.58
30.50 38.53
13.75 63.74
92.16 10.44
24.49 34.57
85.93 63.73
91.42 52.12
86.67 75.72
24.39 7.80
4.40 0.68
56.50 13.32
75.55 0.82
98.46 50.02
66.85 18.59
61.87 91.32
30.17 43.63
89.45 12.00
36.53 50.99
69.22 18.56
67.01 63.10
58.52 90.26
3.27 72.83
63.03 79.77
22.95 12.12
57.71 51.36
31.64 82.85
12.40 44.87
36.74 56.98
47.22 14.73
96.37 58.91
9.59 44.58
58.79 58.93
88.25 98.51
3.81 22.05
40.76 97.37
34.71 76.17
26.08 84.87
67.54 61.07
45.04 28.57
51.89 26.50
7.06 79.17
83.68 21.38
40.71 74.83
70.15 84.75
51.26 19.63
86.20 38.28
9.45 98.94
61.67 39.84
51.66 40.76
76.05 22.94
96.26 97.24
89.40 60.34
38.92 93.39
75.67 22.04
14.48 34.08
18.57 53.38
16.44 62.48
6.87 82.31
16.44 74.33
29.18 98.09
44.96 36.32
78.34 46.86
27.58 67.85
80.45 5.07
22.61 96.20
51.17 88.84
69.90 96.22
85.67 12.65
34.97 16.03
65.34 11.42
71.57 23.20
28.59 26.94
53.63 96.47
5.50 62.43
60.66 92.93
42.14 8.24
33.47 81.48
52.94 53.94
27.78 12.96
8.20 53.40
62.25 41.30
95.92 63.74
67.40 21.85
57.65 21.29
86.14 71.85
44.90 84.98
58.81 71.19
43.92 9.77
87.86 64.80
90.34 27.75
32.54 26.43
32.93 20.36
68.70 84.80
84.11 10.49
95.99 89.75
68.23 87.42
75.29 53.64
5.04 99.13
21.63 68.12
72.18 89.54
42.29 46.63
42.49 64.39
51.57 71.64
41.97 91.16
66.26 66.44
89.32 36.48
93.47 57.03
44.35 44.67
42.24 47.79
89.38 73.67
43.23 13.20
52.47 31.39
35.57 37.33
26.95 9.17
3.45 4.14
72.63 10.97
31.29 77.30
70.85 74.27
13.51 47.98
85.62 78.36
75.48 30.46
94.90 91.77
35.89 79.59
78.14 14.45
62.97 66.86
5.44 58.14
23.23 32.63
25.39 53.22
58.39 37.52
94.76 60.93
69.98 71.16
51.63 79.77
62.84 64.31
43.92 46.06
85.07 36.21
71.31 4.47
47.50 31.17
61.96 33.76
73.05 86.31
13.60 28.63
76.20 63.46
76.00 8.59
47.84 52.83
58.38 56.29
53.20 67.36
51.03 11.31
20.35 68.79
51.83 96.90
68.03 76.88
57.50 24.79
21.19 3.87
91.80 60.36
26.95 37.11
0.87 17.78
32.47 98.65
19.68 76.80
38.56 98.05
27.01 34.28
25.61 70.21
15.07 5.19
62.08 27.38
36.89 23.80
42.33 27.56
54.44 19.04
25.33 66.18
80.38 56.51
27.23 31.37
92.08 29.36
47.99 21.16
32.31 6.94
26.93 83.83
85.67 14.95
4.12 81.75
71.23 25.82
11.83 75.33
47.74 29.82
99.05 24.08
80.54 79.82
61.34 53.15
25.21 1.18
49.10 79.46
98.96 58.72
7.89 99.70
79.85 75.45
35.64 25.31
55.79 46.01
99.59 42.24
60.06 98.88
96.11 72.06
68.18 85.17
25.94 53.81
97.72 55.55
48.19 90.63
6.32 86.12
8.77 67.75
76.68 50.69
55.58 41.68
71.25 18.96
93.06 54.24
48.82 63.61
31.94 39.62
53.98 38.52
22.94 26.42
37.97 78.91
18.32 58.95
60.65 34.52
84.25 11.38
44.50 45.68
53.65 81.29
96.85 72.47
98.83 33.62
63.91 94.87
34.14 97.63
19.80 39.22
61.45 6.40
20.19 67.86
32.47 34.34
85.38 46.45
25.57 73.19
80.87 10.36
11.48 0.33
73.68 44.46
69.12 78.89
17.00 82.78
70.61 82.88
26.45 82.65
29.13 31.31
80.85 18.85
13.88 68.37
45.33 29.82
7.10 0.34
84.83 25.25
54.47 73.51
69.81 44.78
51.56 86.53
97.87 83.22
56.96 62.68
11.59 21.92
74.51 64.65
77.62 39.68
70.22 26.62
53.40 15.82
50.14 66.74
27.67 91.91
22.79 76.01
10.10 71.10
66.14 64.15
84.58 5.15
68.56 85.16
84.50 78.80
97.06 75.24
20.20 91.61
25.68 94.33
89.66 52.79
74.79 93.77
36.67 44.51
26.18 58.96
76.78 1.65
6.33 49.61
28.76 94.75
84.82 6.70
62.71 20.14
0.76 44.38
52.02 12.08
10.94 61.80
26.76 33.36
31.61 29.45
38.38 10.48
65.10 43.73
47.15 74.55
21.01 81.89
31.83 27.21
49.53 31.78
14.83 36.46
69.13 35.01
70.35 16.86
33.15 12.76
19.48 94.34
91.54 5.18
43.52 93.04
40.82 83.38
19.14 24.28
78.59 13.64
12.02 19.30
37.63 31.92
39.08 49.41
32.17 53.96
11.90 82.49
11.87 89.06
60.95 10.71
61.34 12.41
81.16 51.39
88.32 37.68
83.89 64.05
27.45 83.45
53.27 2.16
30.44 25.82
30.64 17.95
36.90 41.01
8.91 31.52
21.68 35.77
91.43 6.72
78.74 1.72
56.63 64.71
63.10 72.65
1.12 71.44
55.47 98.76
97.49 39.10
22.38 97.85
72.20 55.75
0.07 16.70
55.60 75.32
78.99 80.31
87.38 43.21
85.23 41.85
12.01 7.67
77.56 84.98
30.64 91.51
74.28 59.00
67.85 85.05
47.00 67.07
90.51 76.82
28.78 59.34
97.66 98.65
96.47 78.33
59.82 10.80
57.12 99.04
29.70 82.51
3.79 64.79
65.37 9.10
27.68 4.07
9.33 26.36
28.00 20.29
74.36 14.71
27.56 80.14
86.50 73.74
39.82 65.12
70.73 30.87
62.44 59.26
50.05 70.90
35.90 71.50
66.46 34.85
31.03 65.21
97.28 44.16
20.42 24.89
3.96 61.52
86.44 73.45
90.70 89.69
66.06 0.03
27.19 27.23
53.94 74.20
51.65 73.58
54.59 91.27
90.34 29.00
32.83 26.14
64.73 58.16
79.05 26.00
64.55 77.35
69.10 53.68
74.54 14.61
93.22 30.49
81.76 39.71
68.41 3.82
80.59 23.22
47.57 98.20
18.87 41.70
89.94 56.82
25.54 37.53
37.75 26.29
45.70 64.38
53.26 30.81
32.89 87.58
61.50 51.32
34.88 26.43
56.75 62.32
17.99 96.02
79.80 81.02
68.65 73.99
27.68 54.27
97.54 25.95
2.17 51.99
38.17 23.70
2.56 60.06
35.83 32.55
73.55 69.52
22.15 63.95
5.69 76.04
99.09 42.74
65.00 3.35
14.00 47.05
80.37 23.68
87.78 3.07
34.72 53.75
2.87 3.19
68.36 62.81
40.55 63.54
77.88 73.55
16.35 67.00
62.52 61.30
68.03 57.17
40.90 49.84
2.37 42.02
84.51 89.97
28.98 71.05
30.55 18.84
66.87 48.86
81.02 27.56
0.40 42.76
5.94 38.76
97.72 57.62
3.61 52.08
88.19 78.33
17.61 52.74
26.88 5.80
17.14 56.81
69.96 28.44
66.98 44.66
2.63 93.41
29.71 58.71
89.06 4.40
81.35 82.56
64.76 2.80
10.25 83.88
22.30 66.31
40.77 36.09
73.35 35.41
2.61 45.37
13.38 31.01
1.31 63.97
96.68 32.16
94.17 48.86
41.67 41.80
4.23 12.00
0.05 2.48
59.91 82.21
88.70 39.61
56.09 13.36
79.43 18.63
14.17 79.36
52.30 11.67
42.73 84.37
27.14 87.54
45.58 22.42
85.87 20.60
57.50 26.13
75.36 52.47
95.00 21.95
66.72 72.47
96.95 60.08
39.18 91.70
74.44 12.23
47.20 65.86
10.82 92.42
8.87 12.51
40.57 92.79
12.33 62.66
34.51 4.54
1.77 58.36
44.29 43.32
78.39 71.07
10.64 67.93
19.59 69.77
97.39 8.22
86.79 34.61
26.01 88.21
84.44 4.08
93.50 61.41
82.84 4.81
98.33 31.68
42.37 95.71
69.80 18.71
13.59 61.33
16.25 46.54
65.25 69.83
66.25 27.27
81.11 34.88
28.02 29.66
77.60 84.41
65.47 54.92
22.26 91.72
76.24 29.27
69.09 72.14
92.07 52.02
81.65 36.05
15.98 19.44
13.81 20.95
22.60 11.97
38.73 47.49
23.18 94.34
51.80 15.14
21.29 58.85
21.12 83.74
37.62 32.64
83.89 71.23
56.98 90.44
47.65 68.71
83.68 39.33
43.21 4.72
80.57 59.46
5.16 36.05
23.86 38.53
32.70 15.53
86.89 49.25
27.14 72.13
47.34 2.31
57.12 56.55
41.17 22.60
38.30 33.06
65.29 5.55
89.29 66.10
82.09 95.36
12.54 43.67
9.45 93.65
45.27 19.44
76.60 78.10
59.00 17.88
22.84 63.62
82.31 55.83
14.89 14.91
16.08 44.88
82.36 52.06
71.07 25.86
21.34 98.85
97.73 32.50
93.91 20.12
12.87 63.63
64.18 37.21
71.00 38.67
68.14 86.13
24.55 29.59
5.90 3.00
11.87 42.51
28.16 18.27
34.39 75.92
83.31 59.45
55.50 61.36
4.21 2.41
24.94 22.71
39.65 60.28
23.28 41.39
62.07 60.46
96.03 28.25
22.79 29.89
57.21 73.60
93.73 94.01
45.94 68.25
61.86 80.08
97.43 95.62
20.56 1.24
59.24 67.03
2.49 12.61
1.91 87.22
3.90 93.89
99.23 7.08
99.25 43.75
74.52 75.15
45.04 69.84
73.04 3.67
74.53 99.38
47.78 72.04
96.88 28.89
28.83 57.76
4.40 8.35
66.07 31.95
96.22 79.04
76.92 82.75
43.43 8.01
5.19 41.46
28.85 0.00
41.63 94.43
57.89 65.69
27.76 36.48
39.50 10.08
50.61 42.42
24.20 39.39
61.78 16.40
82.56 8.98
16.24 2.61
23.17 77.19
5.63 17.72
22.27 77.24
84.61 52.52
61.27 73.04
68.56 4.67
88.59 2.44
0.52 24.39
64.70 18.34
61.85 55.78
67.85 40.27
9.95 71.20
87.42 13.97
16.13 28.47
80.94 22.80
83.15 27.25
87.87 14.66
36.33 1.73
68.77 15.96
41.64 55.42
0.31 53.78
54.62 86.85
14.26 66.80
66.04 54.68
1.08 10.72
10.55 11.74
21.34 12.61
11.82 66.14
47.16 28.86
17.08 60.83
38.48 54.45
32.10 3.09
56.92 90.44
31.68 65.32
9.23 81.99
95.31 18.05
21.13 20.69
89.74 5.11
69.57 1.63
18.48 95.71
83.24 66.90
66.09 60.26
91.03 33.76
64.06 94.92
90.42 93.10
99.27 9.56
3.91 63.56
71.48 25.24
20.97 49.23
48.57 19.71
27.17 85.59
18.82 67.50
35.43 51.50
58.43 21.03
76.79 42.96
58.13 83.55
78.14 64.99
53.18 64.44
92.59 19.68
92.29 93.30
60.10 51.97
28.18 45.12
13.65 1.06
88.09 65.65
95.79 16.48
80.40 73.25
9.04 2.84
48.83 83.91
68.71 25.18
78.50 63.66
54.04 16.20
16.56 27.14
87.35 4.05
25.27 46.77
12.72 73.60
78.52 43.80
57.39 45.82
23.49 29.52
5.73 24.91
18.00 47.29
69.32 12.23
42.47 47.69
8.14 30.83
41.98 47.04
54.06 14.42
24.43 34.17
31.21 92.56
23.59 48.38
78.86 42.77
48.84 95.19
13.08 94.88
1.68 66.38
33.18 11.27
96.50 20.70
89.73 78.02
30.97 20.51
18.45 27.03
0.12 88.23
4.73 92.73
35.42 83.27
46.61 49.98
74.44 28.52
89.81 3.76
13.37 44.34
12.54 3.85
52.05 69.73
25.99 8.32
86.29 95.81
58.33 26.05
0.05 28.95
4.53 8.65
93.86 18.30
16.04 92.65
93.93 93.30
58.64 5.55
34.46 3.87
89.32 63.21
1.30 73.84
94.45 99.43
82.35 65.70
82.63 1.77
38.72 52.27
4.63 21.33
87.68 21.12
0.20 17.86
29.54 12.70
54.20 85.30
24.42 30.49
9.01 92.58
33.60 46.62
73.94 8.69
74.29 61.56
0.77 19.50
84.38 34.55
86.42 83.84
49.68 83.54
50.46 67.93
20.32 61.79
81.59 67.43
8.43 74.10
55.36 7.74
68.25 8.51
97.89 94.47
20.10 62.23
75.86 34.73
88.08 1.78
42.90 48.47
44.68 65.84
42.52 9.32
57.22 55.80
20.10 16.10
45.80 93.06
87.21 10.13
60.47 63.44
32.83 27.35
4.46 69.24
99.11 56.71
37.72 44.15
41.65 40.71
63.84 85.93
52.84 33.02
64.67 12.81
40.77 73.52
22.72 18.55
37.30 13.40
6.09 17.32
99.65 68.61
52.27 88.89
78.37 6.40
12.18 34.47
37.64 88.47
65.28 91.95
62.03 33.29
92.19 40.08
93.14 88.19
48.06 70.45
11.36 89.93
11.15 32.76
4.74 29.15
86.53 41.19
38.98 89.44
24.41 7.44
11.57 35.41
60.79 93.81
86.59 41.88
28.19 78.82
63.29 6.93
64.14 77.46
61.67 61.57
39.98 45.90
81.74 17.22
57.92 67.62
35.12 29.52
42.07 95.94
78.12 10.39
81.34 95.72
5.58 98.77
30.02 28.56
51.49 10.38
86.70 51.15
82.57 83.03
97.83 9.42
39.12 16.31
63.85 35.71
35.07 35.88
54.18 16.28
43.23 48.91
37.26 20.44
70.29 11.86
58.79 89.17
36.74 79.26
47.02 78.94
78.19 21.62
23.76 91.05
93.17 14.17
19.61 50.60
69.55 42.93
38.11 44.02
6.53 32.86
4.84 60.25
62.78 3.48
97.98 25.94
6.19 85.41
40.78 49.03
70.00 33.28
33.50 58.92
17.03 18.05
78.40 41.79
47.30 98.78
79.54 40.19
0.45 40.91
41.45 70.19
79.15 82.31
65.81 8.47
38.72 72.69
12.03 51.98
55.81 19.25
94.10 6.98
15.57 81.98
12.73 48.52
20.77 28.39
87.13 70.27
47.99 3.81
83.22 55.87
56.79 18.50
29.92 95.69
3.02 53.09
38.83 20.29
44.08 96.53
71.25 40.58
96.12 85.55
60.67 53.64
2.09 65.54
36.00 60.39
54.65 64.78
97.72 43.14
17.66 7.24
94.10 70.81
19.57 17.44
61.27 14.80
51.09 94.54
85.86 9.58
21.32 75.10
77.02 76.65
77.12 38.27
72.96 82.90
28.06 37.21
38.00 68.47
36.80 8.94
7.84 38.21
6.25 74.40
8.90 4.36
91.22 85.32
81.61 88.15
79.30 73.76
52.19 2.70
11.09 2.22
60.82 5.29
90.31 99.13
11.54 5.87
22.97 40.29
79.07 49.59
56.73 26.01
43.26 30.13
96.60 6.86
42.67 11.34
40.77 15.97
3.27 4.55
19.53 54.87
98.12 6.33
35.95 26.98
59.97 55.40
77.16 42.03
26.70 0.80
85.46 89.09
0.83 93.29
35.48 28.21
42.68 35.75
65.52 95.24
60.23 0.45
45.91 72.70
94.78 60.43
53.79 73.18
30.87 18.32
8.59 42.72
94.61 84.46
46.85 80.95
57.10 38.05
9.36 84.55
2.50 2.57
13.32 65.29
45.80 16.86
81.37 51.97
17.99 91.98
19.24 93.19
27.73 69.05
56.09 31.13
3.38 67.09
79.44 6.30
43.36 25.88
73.23 85.62
45.61 74.62
89.40 88.27
22.59 4.01
30.79 98.28
45.83 92.08
77.79 26.57
65.87 97.94
12.99 98.64
42.29 66.42
24.73 97.60
62.91 99.93
56.20 39.66
29.97 55.32
34.76 50.33
18.21 58.09
55.04 37.67
63.99 48.95
84.47 58.61
97.60 63.09
45.88 81.50
8.82 5.53
99.08 67.54
11.21 79.79
27.34 86.75
84.91 41.10
52.36 48.40
88.82 30.18
74.17 28.82
98.06 2.58
34.52 16.89
32.61 4.90
63.08 30.53
32.00 79.05
7.55 1.98
52.97 14.77
35.32 17.17
47.95 47.95
60.14 62.26
97.79 7.23
83.00 41.00
84.38 76.16
46.72 28.84
61.96 63.78
70.12 13.62
4.02 70.44
93.68 84.28
83.26 35.00
49.38 7.47
74.09 34.72
78.91 10.31
3.62 78.03
45.91 81.99
95.79 18.73
91.03 70.34
42.11 6.58
37.69 40.83
73.28 13.51
44.74 78.38
58.94 53.86
7.10 12.38
0.67 47.43
92.04 89.13
68.86 71.72
70.11 40.32
93.51 21.22
93.80 4.18
10.57 23.44
67.17 72.80
60.12 21.84
3.74 53.63
12.69 80.60
8.30 27.02
40.44 43.31
79.47 68.18
39.47 77.49
85.77 38.61
85.32 54.47
34.95 17.43
80.63 67.03
19.92 82.63
64.49 44.79
79.97 80.58
9.93 2.91
37.41 19.85
22.79 86.64
4.94 60.72
78.90 87.66
23.00 16.00
18.58 44.74
54.42 58.48
6.01 77.72
76.48 89.47
47.46 66.54
16.28 57.97
36.06 42.51
25.42 89.31
17.12 65.09
46.37 99.54
91.56 80.12
83.11 37.22
11.38 59.98
61.21 77.10
98.55 77.41
50.11 45.21
7.06 81.04
27.69 32.92
96.66 90.52
58.98 83.25
76.31 39.18
84.07 21.78
25.00 49.93
47.05 52.06
90.42 8.64
96.94 62.28
47.44 82.04
77.01 94.91
49.10 11.55
37.19 71.90
8.03 68.88
51.03 4.99
87.44 13.49
49.50 32.68
18.59 56.81
63.19 48.06
45.37 30.97
60.06 19.68
50.99 43.71
25.52 33.67
93.72 98.20
17.85 29.13
87.58 83.47
6.92 17.56
26.48 40.19
35.48 32.22
76.86 91.26
5.53 55.66
45.36 91.79
31.97 75.06
25.94 67.27
74.09 66.24
48.33 99.77
47.48 29.06
27.02 10.62
18.96 94.84
90.56 36.89
36.19 64.20
88.28 6.44
82.40 17.74
69.35 64.64
63.13 61.45
84.45 99.49
70.59 73.31
5.35 55.06
40.92 55.64
9.28 27.17
62.88 11.70
49.30 26.87
58.09 24.47
73.31 9.84
36.22 22.68
35.76 89.19
32.74 8.14
81.35 23.06
18.57 85.07
27.82 79.22
17.24 7.60
25.84 25.01
5.26 33.79
20.33 36.80
72.98 10.06
56.58 72.75
24.05 91.18
71.12 43.87
96.25 78.62
23.88 81.00
28.00 76.70
86.50 93.60
63.22 65.63
2.44 48.56
35.68 82.82
89.98 29.00
56.49 78.08
83.45 13.65
44.88 92.02
83.19 61.97
17.41 97.94
35.25 91.69
18.95 18.55
73.96 79.01
50.59 12.69
0.38 68.66
52.55 93.97
39.71 16.48
25.90 45.44
72.85 46.55
73.75 95.76
85.49 87.81
32.93 56.44
19.74 40.82
96.68 33.00
83.29 62.90
5.31 20.92
3.67 71.31
1.51 14.30
73.38 7.25
94.42 8.69
89.19 37.95
89.55 84.63
5.86 92.82
92.52 72.50
35.36 29.00
89.94 44.52
51.91 27.12
52.36 19.28
26.58 84.53
60.95 77.93
74.30 2.69
71.47 62.06
69.04 9.33
50.00 12.58
90.18 17.56
4.48 49.78
9.43 43.33
94.19 50.04
38.87 66.92
69.19 79.37
66.37 5.78
79.78 37.94
5.29 38.70
96.60 46.91
88.07 38.23
95.88 74.56
75.93 11.95
34.56 9.03
65.84 65.66
10.34 54.03
44.42 81.47
95.10 47.36
1.46 72.38
92.74 87.36
40.72 95.68
81.39 43.14
26.74 67.45
63.18 16.47
76.25 58.34
16.72 40.03
40.83 18.81
30.34 20.21
1.90 73.20
72.53 80.86
59.31 81.60
95.14 70.94
8.71 31.17
46.52 3.23
81.98 55.52
48.73 4.09
26.15 65.74
33.68 33.66
52.04 11.77
46.17 6.64
78.22 61.69
38.55 59.96
82.11 13.57
91.79 49.69
72.89 43.23
70.46 98.44
70.51 99.13
67.12 80.89
35.43 88.13
99.73 6.47
32.47 20.47
36.66 59.02
13.56 87.91
71.83 25.86
66.33 39.27
35.33 46.53
43.71 47.05
5.29 74.93
90.01 31.69
88.27 93.64
0.47 71.99
80.47 6.08
31.52 2.07
68.78 23.33
52.29 6.15
61.36 41.43
13.89 35.67
65.82 20.87
51.18 91.35
48.93 0.82
5.75 33.27
64.02 36.71
86.19 38.90
99.80 93.00
99.92 92.82
66.54 73.00
11.14 8.72
95.72 27.30
63.90 74.10
78.65 27.81
4.35 88.97
18.01 65.30
2.05 78.15
51.24 8.80
22.45 93.76
92.80 76.53
4.10 53.43
26.18 36.13
10.56 57.18
13.36 15.62
45.75 53.38
64.35 18.04
19.64 77.19
13.51 40.86
41.62 50.99
81.67 48.39
23.02 44.48
9.82 67.91
14.16 36.05
70.15 27.88
28.86 86.41
4.10 51.56
45.12 45.45
60.32 3.73
23.93 86.64
0.77 70.60
69.15 55.72
11.07 48.61
45.87 4.73
48.18 51.59
48.38 44.70
18.08 76.58
92.93 92.68
10.64 3.57
68.99 94.85
61.56 92.19
17.77 55.21
4.79 20.43
48.64 23.21
57.91 0.47
96.67 10.95
91.37 55.53
5.55 8.76
91.33 21.75
34.07 69.81
96.00 20.60
62.14 24.44
78.82 0.29
80.68 43.98
68.04 90.59
92.16 65.99
57.07 89.16
5.71 4.01
45.06 81.16
55.74 85.45
65.36 88.40
89.41 85.74
28.74 24.43
46.77 84.32
32.21 73.99
59.50 67.86
78.06 13.82
96.75 6.42
22.45 67.37
76.60 50.46
15.74 70.25
71.78 9.89
1.87 76.49
80.15 15.72
93.78 51.09
58.33 36.48
31.38 86.35
83.90 42.90
50.87 88.63
40.75 83.26
34.51 59.54
23.90 75.82
7.67 47.73
7.37 98.31
99.34 21.20
45.23 79.59
55.81 0.98
67.20 53.90
97.41 69.55
14.99 18.38
96.94 88.73
13.87 37.84
42.56 67.52
78.45 58.67
16.14 41.88
24.34 67.26
71.29 59.59
50.87 16.93
61.18 38.47
14.72 86.43
35.77 22.91
1.91 61.95
83.38 71.54
74.39 59.04
4.41 25.79
94.62 83.41
43.17 53.26
19.53 38.20
96.70 75.30
43.05 4.18
55.15 68.13
75.59 43.74
8.53 38.42
92.91 33.37
76.64 84.67
27.59 74.68
44.24 48.86
60.95 81.87
95.21 88.35
4.79 6.48
51.12 14.77
68.93 23.59
68.60 99.79
35.75 98.60
83.13 0.77
33.24 4.49
12.10 14.28
48.65 33.67
49.87 46.18
97.97 87.79
41.24 30.03
85.65 51.67
36.00 75.59
24.58 72.24
53.18 63.34
2.59 74.70
55.91 74.80
69.08 84.93
4.48 1.07
94.46 98.90
91.30 96.19
69.98 75.78
95.29 21.11
59.01 2.62
18.90 45.36
24.89 53.68
80.86 36.05
6.40 20.56
51.83 60.08
18.08 23.83
92.32 32.29
32.23 75.31
84.17 11.40
0.03 87.94
82.36 32.74
56.70 14.86
56.90 54.09
65.62 24.36
58.82 51.86
69.46 62.36
33.66 32.13
52.63 12.73
21.33 4.59
32.41 70.00
10.23 96.29
5.86 1.78
77.13 64.59
14.50 76.09
20.74 7.13
71.19 11.08
85.83 5.92
62.49 89.88
33.38 3.19
36.27 55.92
74.30 22.45
91.56 51.05
11.63 7.45
24.98 94.02
23.78 49.96
28.38 55.58
97.73 49.63
74.27 89.45
16.35 65.41
75.30 28.69
1.32 79.11
9.89 50.70
52.18 29.24
91.45 78.73
28.59 49.92
23.19 24.81
72.30 14.92
52.82 61.58
91.19 21.81
89.04 93.60
53.33 41.37
83.75 55.43
87.98 42.94
55.50 76.12
82.85 54.37
8.71 71.09
8.65 20.77
78.39 97.89
6.37 98.90
15.89 33.22
41.74 91.91
63.86 50.35
23.33 90.92
12.38 74.52
0.22 34.65
48.39 86.19
2.22 85.66
86.66 89.44
96.18 62.93
86.49 67.04
3.98 65.18
43.05 47.58
51.15 78.86
7.61 54.95
49.80 79.26
17.70 32.61
23.71 22.60
76.53 55.43
7.41 39.67
69.92 35.43
56.57 22.01
71.44 69.73
81.04 95.24
28.56 55.56
57.34 66.52
28.64 32.11
49.61 75.90
18.96 81.51
82.44 70.45
80.97 69.43
85.54 99.45
62.33 19.33
58.70 96.29
20.91 91.75
49.35 97.79
31.61 93.83
63.31 20.53
19.38 97.75
69.37 65.96
79.18 2.66
4.59 19.82
90.00 36.15
69.95 39.20
81.75 64.55
38.14 84.81
13.30 26.85
12.85 9.27
76.19 94.76
30.03 93.20
88.83 72.78
17.28 77.60
46.74 34.62
34.66 19.47
68.43 50.04
3.17 60.93
43.79 75.49
2.45 6.94
55.51 97.38
5.50 80.54
94.97 99.16
39.44 54.15
49.67 39.27
84.57 42.86
37.84 41.09
42.85 84.01
6.44 0.10
32.97 24.88
96.33 66.87
45.33 28.83
29.90 80.37
30.19 63.88
91.66 67.03
47.01 48.81
20.08 79.17
93.37 94.52
28.16 91.78
69.04 97.27
15.09 29.85
9.61 98.35
33.25 80.76
18.15 80.77
83.92 26.97
26.65 83.96
99.47 74.28
40.22 85.32
89.21 9.84
21.40 62.58
62.67 11.32
9.80 30.93
0.79 23.03
81.83 45.03
44.25 31.71
97.24 14.48
35.95 99.11
6.04 99.03
29.11 16.19
82.22 46.17
79.10 5.87
17.04 79.04
47.31 38.03
36.00 43.30
61.51 58.23
50.04 21.03
4.87 49.29
33.91 40.99
77.49 37.81
96.67 49.31
41.17 70.28
69.03 4.95
99.86 18.02
32.35 6.84
91.35 65.01
21.12 43.38
79.78 94.44
56.49 38.46
28.70 65.13
90.10 29.15
64.68 38.91
54.83 46.77
24.47 0.73
99.63 55.67
82.72 3.05
77.21 26.40
74.15 76.76
80.03 35.13
91.37 1.69
20.90 63.71
95.47 49.24
91.70 26.95
76.29 65.41
65.99 56.85
31.60 27.78
20.73 74.88
6.46 87.48
58.13 65.93
85.16 48.40
38.10 39.84
70.99 46.91
74.02 57.27
30.23 91.19
89.55 17.63
42.41 38.26
17.32 83.49
22.86 86.49
12.58 58.67
0.84 10.77
57.99 25.45
17.04 61.86
61.00 78.79
1.95 32.97
74.46 95.45
53.41 99.98
31.19 40.23
16.28 70.48
39.82 2.90
92.03 64.72
98.30 16.70
88.37 15.09
51.65 40.50
89.74 33.43
11.32 98.08
77.85 70.44
75.47 14.94
61.66 99.30
42.99 23.44
50.99 8.73
17.15 75.26
74.55 87.66
56.49 62.59
91.92 46.77
48.29 47.70
22.00 23.37
70.39 99.59
74.41 38.63
87.24 13.25
2.68 6.71
58.46 12.69
4.58 62.44
44.90 62.26
91.14 31.67
84.65 46.28
32.16 25.59
30.44 23.36
19.66 18.30
99.99 43.84
18.33 16.18
46.98 53.48
32.19 70.20
73.32 21.36
43.87 64.23
3.47 74.33
82.41 82.05
87.67 80.28
53.69 56.91
57.49 78.11
23.84 52.28
54.26 87.61
56.47 31.86
31.74 27.01
29.97 63.08
73.18 0.00
99.28 78.24
13.75 63.46
0.83 13.95
26.88 1.54
9.53 43.66
21.86 58.50
26.36 93.47
94.37 59.88
63.59 71.32
62.39 75.67
75.89 44.67
35.48 94.13
69.06 22.20
89.31 65.44
28.23 27.05
73.32 21.95
4.79 82.54
31.35 61.53
64.55 56.30
36.28 47.08
42.18 37.38
7.57 98.80
33.49 74.63
18.66 69.16
0.57 76.74
64.20 93.86
1.71 71.12
79.26 7.38
67.06 71.52
24.43 95.92
28.90 92.11
95.04 14.35
26.02 68.82
71.24 91.76
1.69 7.97
73.79 71.17
86.27 75.20
79.36 18.44
79.11 52.67
32.68 69.91
79.34 99.66
66.80 14.60
81.95 27.39
45.45 49.76
50.73 70.36
33.43 11.66
0.32 1.04
7.73 22.60
55.13 29.26
66.63 55.89
74.80 54.62
42.70 57.41
32.56 33.71
25.34 44.25
56.54 17.52
39.35 88.44
96.79 57.99
92.32 7.91
58.56 22.47
9.56 72.53
25.67 86.60
79.57 32.81
77.68 38.17
2.01 41.93
34.79 1.72
40.36 96.36
45.68 83.28
79.07 87.75
88.97 4.11
86.23 33.20
63.14 12.39
52.59 92.61
11.09 59.57
74.75 69.15
26.51 86.26
39.68 94.22
22.64 54.18
83.69 42.12
74.86 88.32
53.51 89.80
64.07 99.22
84.61 23.32
24.14 20.90
70.63 67.53
92.32 19.10
15.15 70.54
6.60 35.81
91.78 22.94
15.04 58.01
34.10 4.01
15.40 59.75
18.77 65.13
90.68 85.09
60.32 91.21
40.73 25.28
71.31 22.75
9.35 90.43
24.76 73.21
20.60 29.65
64.10 15.58
84.71 53.84
53.16 57.07
70.57 53.32
23.86 65.05
58.30 27.34
16.62 87.29
15.27 93.39
87.06 11.91
67.89 80.93
12.86 23.36
9.42 87.50
40.73 84.41
44.35 82.56
11.91 17.78
30.58 69.24
2.95 84.36
75.31 6.25
65.08 45.33
89.96 0.04
56.87 60.10
96.82 71.48
4.21 12.62
33.03 63.51
61.73 47.51
52.36 54.15
45.61 79.90
23.11 12.65
63.35 90.15
43.43 16.01
42.70 92.92
2.60 91.48
43.11 95.63
37.03 7.17
13.67 91.84
24.53 73.13
34.97 40.88
51.83 8.59
62.79 78.09
92.51 34.30
49.88 34.00
48.45 37.64
21.81 77.20
27.66 21.06
25.19 34.18
1.70 34.70
5.18 77.78
92.55 75.08
62.07 61.91
86.88 6.26
11.32 17.98
72.85 46.42
96.74 8.33
15.53 32.79
3.83 9.87
44.69 37.73
27.83 56.11
0.47 60.30
98.11 68.58
3.09 33.45
47.54 35.28
61.67 33.91
48.68 70.98
77.67 39.78
20.95 87.36
24.35 63.51
97.69 84.03
53.32 16.05
60.84 86.22
84.63 81.60
99.89 75.74
19.75 16.87
16.82 76.68
64.71 91.55
87.42 23.68
36.23 68.94
33.90 43.34
3.41 87.86
96.76 24.67
7.43 40.04
97.41 99.94
39.89 39.56
89.01 7.29
56.75 32.53
54.02 2.83
15.89 34.68
68.06 5.45
29.45 75.84
74.65 91.38
86.25 29.16
32.28 18.92
80.21 82.28
3.98 50.90
92.18 6.64
25.99 98.00
19.73 49.68
7.07 52.24
2.04 79.83
51.07 72.22
87.70 13.06
68.22 6.48
17.92 89.86
69.68 82.06
42.56 12.05
50.22 94.60
41.78 27.35
46.30 92.98
87.69 25.53
31.14 96.01
13.29 80.46
5.50 78.83
18.03 9.29
74.63 96.58
62.99 20.55
21.18 8.05
38.17 93.54
45.51 78.25
75.63 28.95
34.29 32.59
21.82 54.37
27.47 89.68
58.03 43.37
49.89 32.38
57.93 37.15
98.70 55.80
38.22 9.40
39.50 3.18
24.39 14.83
35.32 12.22
77.83 72.76
1.73 61.75
31.35 76.42
17.97 49.56
64.49 69.63
95.96 13.73
6.56 2.94
55.93 98.42
19.68 74.58
84.09 43.00
49.17 92.65
37.69 5.91
22.69 32.82
90.91 59.87
44.03 9.18
77.25 61.96
56.25 99.75
42.85 43.16
22.50 28.16
27.69 83.08
26.14 76.92
30.72 72.65
73.41 92.63
82.68 10.95
77.51 67.35
9.83 56.48
43.83 5.29
77.67 50.34
45.33 15.32
86.83 1.28
75.81 80.08
53.52 38.80
84.79 10.17
51.21 84.61
94.46 15.34
33.33 19.38
28.52 29.54
1.82 80.90
9.39 29.72
8.16 24.99
19.84 43.78
95.19 63.82
80.42 37.58
74.20 20.20
8.20 55.51
11.17 81.26
22.46 33.67
76.64 96.63
20.39 18.45
96.50 38.45
95.71 85.06
35.04 66.86
67.24 47.44
4.51 25.00
24.31 73.52
65.90 54.70
6.60 64.92
29.39 70.54
44.24 38.14
84.70 23.26
60.34 16.53
15.80 48.09
9.58 19.66
43.59 79.46
29.01 66.14
68.70 15.02
17.67 95.42
8.33 32.51
48.98 30.96
90.59 9.80
50.38 88.55
57.22 59.99
88.42 9.79
71.35 68.44
26.18 91.74
63.13 42.28
31.90 98.72
34.52 0.81
33.73 75.09
8.06 26.09
68.56 14.65
7.22 43.73
50.42 24.59
41.73 34.81
59.91 92.79
91.84 29.00
63.75 54.48
82.57 11.63
6.17 86.79
69.26 27.43
6.91 12.19
31.41 49.84
85.78 81.87
56.02 25.58
26.84 45.29
64.08 21.52
66.06 67.43
89.82 81.35
21.10 73.60
51.75 95.91
73.50 48.36
87.63 69.16
24.00 19.91
20.57 90.22
7.52 63.53
18.83 33.20
55.08 80.86
4.20 15.58
6.11 99.26
88.86 8.37
29.97 51.29
17.96 55.89
13.00 79.98
36.72 0.61
0.73 4.21
52.70 44.57
78.15 43.07
92.40 0.65
86.89 32.96
11.06 90.57
56.03 7.01
32.75 7.20
4.90 50.30
88.07 80.78
36.87 90.21
11.48 65.27
1.57 24.98
25.97 63.78
14.31 0.19
26.58 89.06
22.12 3.58
6.89 75.01
73.33 37.64
2.45 33.12
67.29 69.67
41.01 82.40
49.35 15.04
68.74 69.34
73.34 10.03
72.16 94.20
23.57 2.06
83.13 87.17
45.07 91.31
56.41 28.14
2.86 85.81
12.40 80.70
80.01 61.25
20.07 70.87
58.16 39.10
47.34 11.95
2.25 51.10
52.26 61.15
70.75 3.47
31.74 5.99
34.87 67.69
59.59 73.54
72.31 50.80
76.10 53.86
29.00 71.16
15.86 94.36
86.15 74.91
33.66 68.97
30.39 84.09
68.97 75.13
3.62 36.08
89.51 56.46
69.50 98.20
3.13 57.57
63.55 96.89
79.20 56.04
8.17 58.20
21.41 34.28
53.78 0.46
64.49 26.70
26.72 41.72
18.15 26.61
15.75 9.77
59.04 44.06
43.10 88.65
4.28 6.11
61.85 88.76
34.85 66.53
56.78 18.27
8.93 40.18
75.90 66.52
75.60 74.30
21.94 82.82
89.67 76.95
40.85 50.22
70.70 22.60
39.81 47.29
47.78 53.91
77.31 42.61
70.58 42.18
97.38 59.21
7.85 68.98
16.14 60.77
55.70 46.67
43.65 60.50
60.26 56.60
52.38 70.13
49.48 58.69
96.21 29.50
19.53 47.61
73.51 37.97
90.64 26.37
85.24 84.43
89.65 47.69
28.50 79.52
26.56 81.20
31.88 37.23
76.56 50.38
54.42 53.48
71.57 22.76
60.78 65.90
87.82 7.69
54.24 41.28
74.83 54.48
70.90 71.80
54.19 79.58
43.96 90.79
85.51 56.78
31.44 36.00
87.01 4.55
77.06 87.86
13.78 62.59
2.91 73.85
62.37 16.71
71.19 30.13
29.51 72.22
54.75 95.31
87.67 61.62
31.67 67.49
30.01 98.02
98.47 20.49
55.20 50.37
38.86 87.60
73.36 7.15
3.12 8.37
80.40 42.24
78.15 78.76
26.82 36.89
84.07 17.09
62.62 40.80
79.90 63.72
98.48 47.80
25.14 47.08
46.36 19.78
95.10 84.91
68.92 39.10
18.08 55.04
45.75 67.27
65.15 86.45
21.48 69.13
69.01 45.20
37.01 11.38
16.31 44.42
90.33 18.18
23.16 51.69
60.37 63.75
58.51 32.00
55.52 66.01
67.03 81.30
85.87 68.15
15.87 89.09
4.80 73.71
36.49 24.08
56.03 8.52
24.50 39.80
40.19 34.89
95.14 71.34
88.49 37.62
8.34 2.84
74.55 67.46
24.20 11.83
69.09 59.79
0.54 68.82
65.51 35.31
53.80 99.73
91.14 23.82
17.06 91.77
28.63 11.83
76.42 12.17
9.55 89.34
6.03 3.23
48.95 53.67
41.85 86.11
94.73 89.59
8.15 96.38
48.74 56.79
81.03 51.88
48.19 76.94
84.22 21.02
98.60 56.99
73.53 96.61
16.22 33.53
84.07 73.97
31.53 61.18
84.09 57.78
93.62 23.91
15.08 71.38
68.58 63.03
70.85 45.07
42.24 67.99
84.78 99.01
83.31 22.56
7.92 55.34
48.51 42.11
18.74 53.04
9.59 0.87
11.90 61.88
33.49 6.09
18.86 31.43
28.76 30.11
94.61 61.72
94.32 0.06
15.28 29.74
53.01 7.75
49.31 82.88
50.83 71.80
32.74 61.30
18.61 75.53
73.07 58.26
75.50 27.25
85.16 63.96
55.96 42.25
9.72 62.06
35.38 81.51
22.69 79.91
71.22 56.05
89.81 97.83
1.22 50.57
46.22 85.87
48.11 71.34
56.11 44.03
35.94 93.77
15.26 86.25
26.86 65.76
7.24 69.02
59.96 28.48
75.35 28.24
5.25 74.77
45.05 40.02
13.90 80.09
73.43 25.50
3.42 97.59
60.23 66.55
44.60 89.76
22.83 79.05
67.21 40.14
20.76 93.90
28.98 96.89
90.76 79.30
65.05 94.44
78.17 72.18
39.45 9.42
54.38 64.18
88.98 65.87
57.60 87.14
2.39 29.16
49.09 25.38
60.97 60.70
62.29 29.51
59.01 89.54
43.45 1.70
36.81 58.82
39.12 68.72
95.89 59.96
99.94 45.59
65.92 28.48
5.27 25.30
52.03 2.88
58.53 19.95
15.98 9.86
85.46 10.34
66.02 55.15
30.85 56.63
54.22 2.11
14.15 89.77
31.48 76.18
95.32 25.32
3.27 8.25
44.23 43.87
56.32 84.87
31.40 18.34
5.35 43.19
88.27 50.22
97.35 56.79
81.82 82.16
97.45 29.20
39.96 95.34
17.34 24.66
35.09 52.80
98.39 46.03
9.03 59.65
79.83 74.00
68.11 73.05
77.33 83.69
54.38 98.39
85.54 16.61
12.26 54.13
75.08 69.19
89.61 87.34
3.63 75.36
71.77 18.25
14.81 55.18
37.62 72.92
24.46 67.76
31.78 58.86
58.99 88.65
37.05 42.35
78.28 78.74
13.99 48.52
71.05 16.89
18.22 30.88
61.37 47.18
12.77 3.76
54.24 90.13
18.81 64.59
76.97 35.62
11.58 99.02
43.04 36.45
45.69 58.92
49.23 36.35
31.80 2.64
65.16 75.52
34.75 69.07
3.71 82.12
98.44 91.94
11.53 53.68
74.11 94.44
51.15 18.84
7.10 98.54
48.84 94.44
22.94 88.69
20.90 57.93
75.99 34.37
55.58 19.40
13.76 87.29
40.64 33.92
24.13 41.01
55.51 67.73
26.22 13.14
63.89 92.70
53.56 56.78
36.83 37.92
48.59 43.06
17.56 2.63
94.23 40.79
23.02 38.51
86.52 25.05
75.43 44.60
69.37 36.71
99.89 57.56
9.96 19.26
18.92 98.20
14.36 45.85
88.68 47.72
32.03 90.07
42.76 30.77
92.08 45.68
62.28 96.74
4.50 16.79
13.03 68.70
95.07 33.25
39.23 6.26
15.34 21.88
34.14 53.17
67.75 50.28
99.11 54.56
86.83 40.66
64.31 40.15
31.01 35.78
76.52 77.99
97.62 98.60
3.28 20.04
70.89 70.03
94.55 16.48
54.95 89.00
29.99 8.49
71.28 97.25
67.13 32.19
43.82 60.83
87.37 73.49
68.06 73.16
52.02 15.22
42.58 0.49
68.11 94.84
48.93 86.17
88.86 93.97
25.82 29.73
63.30 42.58
79.32 16.12
80.46 77.76
76.16 99.92
91.44 87.92
10.99 11.49
56.91 31.76
17.44 40.66
21.29 21.00
62.30 99.61
90.56 7.98
28.94 10.39
94.98 19.01
15.54 24.15
99.66 92.43
9.52 96.90
45.34 22.45
89.49 58.93
85.86 99.84
57.51 63.89
88.10 43.87
92.92 91.14
99.75 48.83
50.19 66.78
6.73 49.73
88.46 57.43
59.62 60.53
26.96 52.17
67.18 79.39
52.98 79.30
1.30 46.20
97.56 47.07
19.86 53.45
77.40 97.39
37.70 24.23
91.87 28.33
76.27 49.09
82.42 81.76
49.56 80.79
26.73 54.24
46.71 7.55
47.96 49.30
31.78 19.99
41.56 95.76
89.03 26.73
46.87 72.32
82.12 0.03
63.82 13.55
14.59 78.79
83.46 17.70
36.27 98.24
24.88 10.79
41.12 74.72
23.40 88.39
53.97 22.23
61.06 57.04
93.73 59.53
6.24 57.65
9.94 72.01
74.26 38.25
95.00 10.35
72.83 5.09
69.15 46.59
10.00 45.78
98.98 8.17
36.64 1.72
69.45 8.57
39.66 60.75
42.18 18.78
15.15 15.46
25.16 64.49
58.13 14.77
4.21 77.04
75.06 49.30
62.85 26.20
5.34 58.80
63.95 66.18
23.40 51.62
59.02 58.08
57.75 37.29
51.90 81.72
60.80 40.47
86.46 32.27
4.39 86.70
63.35 76.83
80.25 56.92
17.80 9.38
69.94 22.29
30.74 39.97
5.79 52.46
44.34 99.01
68.38 35.90
96.02 74.18
5.97 66.43
53.58 72.63
2.05 7.71
88.50 9.01
62.89 20.31
14.70 84.85
99.49 62.85
62.13 25.10
99.26 19.08
74.08 31.79
59.82 26.53
69.94 79.30
93.39 24.48
54.91 26.34
65.11 85.75
24.05 70.00
97.99 80.54
48.88 73.97
4.89 65.47
76.06 27.94
80.40 7.65
19.98 0.48
91.89 10.26
24.61 6.58
73.23 9.50
43.79 11.43
3.09 88.24
49.88 28.63
18.29 35.94
81.20 62.60
46.03 22.79
30.32 86.98
85.07 91.12
83.83 65.24
11.35 90.16
17.61 45.15
41.75 65.28
97.18 6.53
66.96 65.56
51.65 64.30
19.69 63.28
91.12 90.43
18.45 30.63
20.66 84.29
76.87 94.89
1.96 75.09
48.54 87.90
47.84 81.42
19.06 43.75
39.04 88.52
29.55 28.49
82.02 11.72
22.74 27.48
97.63 77.16
45.02 37.09
79.69 74.83
10.81 45.03
21.08 95.12
23.46 97.10
71.76 14.33
32.31 34.94
47.20 7.72
48.61 15.45
9.76 30.21
19.52 38.64
6.88 37.12
30.97 68.02
37.13 74.17
2.18 47.15
87.88 94.41
47.58 76.97
67.47 35.42
64.77 54.02
0.63 39.81
97.21 99.66
92.59 7.43
86.75 42.87
61.88 11.34
64.96 91.44
58.39 88.22
78.93 12.32
19.06 30.43
74.79 93.61
48.00 98.39
99.78 63.59
16.40 6.98
57.47 61.89
44.40 0.45
34.21 83.25
52.64 33.64
53.95 40.68
53.26 43.45
72.56 90.99
72.84 90.19
81.48 80.17
38.70 99.53
22.95 19.58
29.77 10.89
0.58 24.18
99.44 50.87
30.07 56.79
70.27 82.15
68.35 25.64
78.85 99.45
50.05 13.56
82.19 37.90
45.59 30.49
50.93 65.64
25.97 89.79
82.60 35.42
75.42 6.68
66.57 92.02
73.82 64.12
3.31 16.06
31.73 39.68
49.87 15.72
50.23 44.84
45.31 6.29
79.29 18.55
43.61 93.87
88.94 88.42
95.79 4.41
91.70 45.31
89.73 65.05
71.78 93.93
42.03 53.80
30.76 24.80
93.99 88.25
81.00 76.61
3.68 93.56
28.42 68.22
9.38 22.37
75.82 38.97
81.79 43.73
40.84 51.31
94.07 10.72
38.41 94.21
88.20 37.77
8.29 69.19
47.78 88.60
78.09 67.95
75.20 96.65
82.40 91.84
84.53 20.96
81.03 94.59
88.84 58.83
52.10 91.06
7.99 0.44
11.63 62.78
24.07 56.23
73.88 7.49
34.18 25.74
88.60 17.22
82.03 64.03
98.84 1.04
54.21 3.32
73.74 33.50
5.73 14.87
39.29 27.63
67.25 69.80
22.21 34.54
99.61 34.18
1.03 95.85
75.39 24.76
13.38 9.00
60.27 47.46
52.99 5.87
47.95 25.43
23.36 71.19
3.84 79.28
81.50 53.51
27.47 95.43
50.12 67.06
15.22 45.79
2.53 67.29
2.80 42.16
27.47 33.06
56.54 52.29
65.24 31.71
91.52 52.83
73.92 59.98
61.71 44.64
54.49 81.92
63.41 3.88
20.35 29.20
63.51 86.61
1.10 20.30
67.91 34.59
93.86 88.25
97.63 72.31
29.01 60.11
82.77 8.74
76.65 2.33
47.25 64.21
1.56 42.31
26.80 44.21
19.57 77.05
20.33 48.37
28.44 0.74
10.69 66.98
37.59 76.16
49.13 63.08
73.38 18.92
12.38 85.13
87.47 21.72
75.42 66.54
35.51 47.84
41.25 66.00
96.59 35.50
44.81 91.43
87.96 44.77
89.08 35.62
25.36 44.52
54.32 58.85
51.11 44.12
55.61 38.09
61.09 88.48
82.39 37.06
45.38 54.00
70.81 30.17
62.56 54.85
79.54 38.17
22.44 32.10
15.70 80.55
50.61 32.24
13.95 10.55
85.39 40.95
34.02 27.70
70.65 73.15
4.49 97.73
19.42 49.61
34.42 48.83
38.75 90.53
73.07 85.81
61.12 30.41
42.05 54.45
40.72 21.84
65.20 70.64
40.97 85.83
10.52 66.40
69.58 61.42
64.92 91.36
8.61 98.51
54.33 78.21
90.96 11.45
77.94 83.54
45.54 24.71
83.93 8.30
20.72 40.36
55.30 18.21
60.65 71.86
38.68 50.18
81.27 52.75
88.80 32.77
55.23 92.12
27.42 33.93
90.78 49.29
74.46 37.52
44.83 28.37
72.22 90.48
20.24 25.58
89.47 89.98
84.43 44.97
93.46 0.50
87.10 36.98
5.56 42.31
34.70 2.20
41.47 36.38
84.19 77.59
8.14 71.89
95.68 35.52
56.68 12.42
93.73 35.14
97.03 57.30
4.27 75.61
87.02 70.57
38.31 70.22
6.10 16.64
46.43 76.32
44.76 14.59
24.88 95.30
98.50 89.68
57.63 9.44
8.34 50.62
8.49 19.82
27.67 43.55
90.97 26.86
34.36 33.90
80.88 73.42
73.94 80.69
34.56 63.76
5.90 37.44
96.85 82.77
96.28 1.81
51.19 13.88
86.15 34.60
91.78 42.20
41.70 71.68
18.43 9.31
20.52 98.29
19.86 61.40
5.49 15.21
72.50 47.91
0.49 46.34
78.00 88.11
73.22 69.93
73.36 2.48
53.94 29.25
7.39 55.47
25.87 12.16
61.42 77.24
56.97 7.96
29.75 4.01
60.71 9.86
68.10 24.33
44.14 9.71
79.35 17.25
42.01 91.17
55.02 59.70
47.30 80.63
6.74 58.81
6.86 83.52
22.66 82.57
25.40 37.59
31.38 67.80
78.33 13.35
1.74 76.17
76.09 10.16
35.94 55.04
90.76 13.38
34.32 70.91
65.07 39.93
87.43 21.97
71.05 8.95
64.38 23.25
66.01 11.59
16.20 17.91
22.63 79.86
46.26 64.38
42.68 4.72
43.60 23.97
4.10 99.18
73.41 55.11
15.67 58.62
24.31 24.06
30.04 25.77
23.82 36.31
5.91 62.05
90.81 42.03
20.54 47.88
98.50 60.80
40.94 22.75
38.34 24.65
53.82 27.00
75.00 43.24
88.76 21.64
47.00 81.83
36.86 35.02
55.81 83.21
42.50 93.84
90.62 25.51
96.65 29.97
43.34 43.75
42.23 71.63
34.10 6.55
53.26 58.70
89.05 1.98
11.99 39.57
0.74 80.84
64.14 1.53
66.36 11.53
92.05 14.09
19.68 73.54
79.36 30.52
69.97 84.82
85.26 96.17
86.39 78.64
0.58 37.56
6.27 70.50
38.72 17.26
24.28 16.28
45.29 91.15
53.92 70.90
8.77 49.47
63.71 2.12
4.30 90.18
57.44 66.25
16.45 7.55
21.59 50.53
69.36 81.00
13.92 45.47
34.84 55.69
45.65 66.12
48.35 23.94
77.62 60.54
64.95 76.66
37.34 29.13
9.71 90.35
20.88 13.44
12.22 43.50
64.28 86.92
76.76 35.52
27.21 57.28
66.47 90.40
26.57 38.86
57.80 77.57
91.26 77.08
99.32 97.75
43.03 96.46
41.09 75.30
55.68 44.21
65.36 7.29
48.85 38.92
68.41 35.72
47.44 70.29
78.89 85.89
95.20 63.23
12.27 19.50
45.43 57.03
91.25 64.08
20.35 18.70
29.23 20.04
76.97 49.03
14.57 1.56
3.93 4.70
5.86 85.25
74.79 54.28
9.42 17.81
7.97 44.97
78.77 33.52
42.90 85.90
35.96 68.22
50.90 46.74
77.04 75.50
24.94 27.35
99.40 82.65
18.08 49.19
92.79 32.44
67.88 15.82
34.34 25.36
19.42 77.00
60.47 38.25
96.93 98.47
2.24 87.42
13.47 63.80
58.62 70.39
42.99 20.69
21.00 62.67
92.90 46.59
36.11 60.97
22.57 12.27
85.92 55.63
9.80 74.79
85.94 92.58
50.05 16.05
75.35 48.94
4.09 69.00
53.68 16.58
70.03 92.01
39.42 93.95
23.57 43.02
90.60 86.38
94.20 68.85
34.35 72.67
91.30 69.19
82.82 6.21
37.52 2.18
83.96 61.85
28.83 1.20
71.51 63.97
48.74 49.29
48.60 46.65
2.42 86.80
32.91 29.16
61.18 60.95
92.01 54.79
10.34 92.62
26.94 96.63
66.97 78.68
44.78 84.30
68.36 64.40
10.30 10.66
76.99 65.15
3.65 1.39
15.00 49.12
62.32 0.34
11.88 98.03
53.72 59.29
74.16 43.38
55.74 65.55
66.77 14.69
44.90 94.34
66.63 53.61
47.74 54.19
86.27 22.34
58.95 40.68
40.93 65.03
36.59 49.52
28.95 86.35
99.03 61.61
72.53 56.83
85.20 52.31
73.78 30.82
62.12 59.01
93.01 73.78
98.35 82.39
48.76 15.05
72.37 39.52
42.27 52.41
69.46 60.96
37.28 50.82
62.79 89.45
71.34 38.03
70.42 25.67
20.07 43.86
51.67 39.05
26.78 38.65
46.56 35.54
70.72 60.20
86.43 71.76
91.52 65.64
37.75 97.42
79.40 15.44
76.50 60.47
35.18 88.64
3.98 54.02
27.26 24.04
74.35 53.01
39.98 20.14
27.22 40.70
39.30 4.39
68.68 30.93
94.10 33.77
86.77 24.50
19.80 7.99
37.12 26.31
44.18 29.89
9.11 47.42
73.56 66.88
43.86 31.83
23.55 24.37
93.17 5.32
61.76 75.14
42.65 19.45
7.62 54.75
91.75 50.92
89.99 75.56
70.67 82.32
95.96 76.39
64.72 47.14
90.37 52.05
87.56 9.17
99.60 7.42
85.60 95.48
41.62 52.03
43.50 29.57
22.06 39.76
65.96 51.22
60.72 85.20
84.41 85.89
2.73 41.15
19.12 33.52
76.22 74.41
58.51 54.68
59.66 19.93
76.54 70.97
28.01 38.03
32.38 76.92
72.87 4.66
25.05 89.10
33.89 37.37
17.97 98.59
32.33 76.80
82.73 93.16
74.66 32.56
95.24 76.86
67.23 99.56
0.13 47.33
94.97 52.10
33.92 0.35
26.31 1.84
5.12 9.44
60.09 19.55
50.27 46.88
28.40 20.14
83.72 19.77
72.23 90.82
69.11 60.43
86.64 48.96
4.88 54.20
81.16 3.27
44.78 66.70
79.43 64.75
57.28 50.41
68.00 20.18
1.74 28.15
93.77 52.78
48.58 60.63
85.99 97.55
82.66 62.26
65.30 86.26
84.91 3.61
78.50 69.38
77.79 28.85
99.91 29.10
36.62 5.35
15.33 89.40
28.14 52.02
4.33 49.09
89.27 72.18
37.39 92.60
66.05 15.64
29.50 93.33
69.21 74.21
15.83 45.44
10.97 19.05
0.02 94.19
92.33 16.21
71.15 3.38
62.83 18.28
79.23 20.65
65.85 60.98
42.05 95.96
40.86 94.39
54.94 55.10
47.55 72.14
35.95 47.94
13.94 42.46
74.88 3.94
2.14 67.95
75.55 34.81
45.11 14.33
55.74 22.03
78.36 63.39
89.49 10.24
34.05 8.76
89.08 95.79
87.79 21.42
77.13 57.94
93.23 50.08
83.04 41.75
7.08 63.79
49.44 6.51
83.47 89.98
63.06 50.56
24.97 96.91
78.86 55.73
28.39 90.78
23.28 50.22
63.64 69.55
54.06 6.51
31.40 35.56
27.16 59.12
2.93 56.28
86.00 60.89
38.20 81.41
80.95 98.50
82.58 20.14
98.89 76.21
78.01 40.40
63.20 17.99
19.31 0.67
9.92 38.05
52.07 49.38
4.31 30.73
83.08 58.29
91.11 97.96
3.19 54.81
82.12 51.88
32.50 84.80
65.46 78.08
64.46 88.34
93.65 38.49
3.71 73.68
17.35 40.70
39.03 39.72
61.47 98.15
90.15 76.33
37.49 0.59
41.10 65.73
86.94 68.48
33.99 31.58
73.05 5.00
76.66 72.91
44.75 93.93
26.18 30.99
68.58 60.47
16.61 86.57
19.80 68.85
20.71 70.70
31.16 14.42
81.45 49.81
56.82 29.78
25.67 67.55
35.51 7.53
33.92 77.29
67.67 38.73
47.79 43.00
69.25 0.55
33.47 31.79
5.69 39.29
3.57 14.63
44.98 77.93
38.70 36.38
68.46 94.97
55.47 84.67
43.81 14.07
27.50 65.63
34.62 79.61
86.49 69.40
87.24 62.02
98.75 95.08
17.69 82.85
23.86 1.79
16.82 42.18
5.99 52.65
88.71 40.74
67.21 36.43
0.69 41.82
85.43 18.13
51.52 86.10
67.60 17.70
30.31 78.21
79.47 98.41
25.37 62.02
63.40 67.28
25.55 66.26
38.27 68.08
62.95 14.77
1.10 86.26
42.81 19.46
20.08 15.67
94.44 66.82
52.12 55.15
64.81 6.33
47.41 73.33
20.77 66.27
91.01 16.53
14.80 51.46
43.16 72.40
43.76 87.45
75.94 50.72
4.55 78.98
31.00 57.74
22.08 22.98
95.81 15.32
86.50 23.25
91.29 83.32
91.34 84.43
93.37 37.25
23.38 66.34
45.47 73.63
67.54 67.85
47.90 76.47
50.96 95.14
73.29 42.03
88.74 8.80
20.65 53.13
23.28 67.30
46.22 5.09
45.38 57.28
95.42 8.07
16.38 85.22
61.52 18.65
28.21 45.39
49.50 90.50
73.40 50.67
10.39 88.75
6.30 72.49
38.09 68.42
38.87 5.09
44.04 6.77
22.87 4.96
98.88 2.49
47.68 69.40
9.85 44.34
24.15 7.04
57.57 52.30
5.07 67.60
88.10 96.73
98.65 85.87
36.36 50.59
92.87 97.00
8.58 6.25
25.70 30.57
36.03 39.69
8.23 68.06
16.62 0.91
51.27 19.70
75.80 6.91
23.42 61.77
34.13 86.21
95.19 45.06
15.80 10.94
70.63 74.49
61.51 85.19
14.76 75.44
47.29 70.61
49.28 9.71
25.28 66.95
45.58 7.68
57.46 28.66
2.28 15.71
14.43 81.75
42.76 11.87
54.28 5.49
31.79 92.88
92.25 63.82
9.58 46.97
32.47 72.09
61.90 57.73
76.66 55.71
60.05 37.96
43.50 30.76
96.94 15.53
79.62 31.79
93.84 32.14
22.43 7.62
35.33 48.13
79.23 60.64
39.96 7.89
5.35 76.86
86.97 91.49
0.34 32.29
82.07 78.69
80.13 81.23
90.76 97.53
3.84 30.28
15.89 21.31
29.33 35.12
93.91 58.40
97.83 2.00
24.73 16.84
52.07 12.47
90.58 34.29
60.16 44.18
89.53 53.41
21.52 13.94
18.52 74.45
42.94 8.62
7.08 11.44
20.14 32.53
15.26 76.57
14.15 2.23
63.65 40.01
54.87 33.16
75.88 82.45
24.27 45.74
39.09 84.86
54.25 11.88
68.17 44.54
25.78 43.60
23.04 76.70
8.32 97.25
78.72 54.41
16.04 74.62
72.75 27.50
87.94 88.75
26.82 20.21
10.16 4.21
44.39 61.00
6.72 30.86
16.52 73.86
29.36 0.99
38.07 34.57
69.81 71.83
30.63 13.42
78.69 59.65
75.55 24.62
67.62 45.17
27.13 80.91
51.57 77.10
54.87 70.11
89.96 44.81
20.62 56.62
64.35 32.24
47.02 2.41
51.54 21.98
3.88 24.23
39.51 55.96
34.05 77.75
67.92 56.50
98.06 47.28
40.38 95.05
89.12 19.84
5.60 73.41
98.95 96.59
42.92 61.63
25.10 26.04
56.34 32.37
63.74 23.78
93.85 12.08
13.29 33.15
84.75 68.94
36.05 4.82
90.11 45.79
13.68 51.03
67.81 23.80
7.15 11.19
57.74 4.26
1.69 7.80
69.11 2.05
66.05 92.26
92.40 46.02
10.91 58.38
4.43 82.68
73.35 56.83
22.55 16.14
43.39 91.50
55.27 6.92
81.09 28.84
91.37 2.10
47.64 31.51
54.65 48.19
68.61 56.58
42.68 15.17
55.23 51.33
69.93 22.07
13.22 31.77
95.92 12.62
72.77 25.84
61.74 32.65
6.96 41.25
66.26 48.53
47.62 48.07
83.44 47.36
6.75 10.11
21.72 17.61
10.92 81.46
46.10 59.66
14.66 26.18
0.41 62.95
20.46 2.49
81.69 7.08
80.65 37.51
10.31 12.12
66.62 35.60
38.32 46.69
43.03 27.70
19.26 7.72
53.83 64.26
1.26 14.37
38.55 40.97
11.31 94.46
62.50 72.83
14.61 37.15
57.71 63.10
7.66 9.96
39.94 29.46
28.78 96.62
77.07 41.72
33.04 20.83
84.77 59.38
14.86 92.62
84.48 38.50
54.76 40.48
50.03 54.49
52.99 69.06
29.29 73.37
44.22 43.48
5.33 51.92
21.45 73.40
62.20 48.43
78.44 9.90
31.20 65.00
24.45 78.15
61.28 22.91
54.75 28.00
6.74 71.18
4.18 78.51
66.79 72.28
57.75 33.76
16.80 42.70
85.52 23.90
66.26 68.77
64.77 75.73
97.86 29.15
12.04 14.28
90.11 30.37
68.21 6.75
50.83 55.80
47.23 1.41
99.43 51.12
43.81 28.51
50.84 72.74
77.06 55.13
2.37 31.06
83.09 34.83
69.58 76.60
34.03 33.68
18.48 59.94
46.71 85.34
48.50 7.12
9.20 21.52
11.97 96.87
8.74 20.52
86.38 84.67
22.61 96.59
37.29 12.37
17.37 55.74
87.91 39.33
98.97 43.53
64.68 23.09
97.31 99.62
49.39 3.03
20.84 5.36
91.67 76.18
6.11 3.87
48.13 47.48
71.55 14.88
59.00 24.42
88.00 64.82
59.89 24.27
65.25 95.80
44.67 39.15
62.86 19.79
98.15 34.88
10.63 19.85
36.91 64.80
3.31 52.55
15.45 80.38
92.48 9.75
38.09 6.84
88.63 97.20
84.64 38.48
56.04 85.22
64.06 89.34
86.34 77.79
65.98 39.85
67.18 69.71
44.80 4.62
61.87 54.52
29.90 1.37
60.58 11.34
48.24 11.61
85.86 67.23
44.21 43.54
55.09 80.75
56.30 90.80
3.09 38.83
31.07 1.89
45.09 47.10
55.60 87.26
23.25 1.68
18.32 7.83
8.30 60.14
0.82 3.65
54.08 47.30
90.78 55.79
69.60 13.03
26.50 32.16
39.34 10.38
15.88 36.22
25.70 32.57
25.02 40.93
70.32 36.12
33.10 52.29
68.59 49.96
56.21 72.38
69.18 69.78
2.34 82.46
15.26 18.79
58.76 3.12
10.63 81.40
19.04 57.25
23.64 67.25
81.64 34.58
96.46 44.02
70.17 22.78
93.63 89.76
66.05 59.00
75.97 19.81
32.88 47.41
50.05 8.13
60.49 0.92
11.30 52.33
7.22 26.07
16.76 17.88
33.81 5.62
18.39 71.82
10.64 94.23
86.71 6.46
49.53 35.30
18.92 60.44
83.82 54.68
65.20 84.18
57.24 34.23
86.64 26.05
77.41 48.72
68.67 87.75
24.11 85.52
79.09 8.16
72.21 75.58
42.89 58.46
84.58 6.83
11.84 41.02
29.02 86.26
91.46 51.17
28.63 9.41
89.96 59.88
60.50 5.95
78.55 19.93
17.67 64.32
60.23 69.07
81.86 5.68
71.71 83.02
14.13 31.84
89.28 32.22
62.08 53.43
41.53 50.46
39.75 95.22
16.02 3.92
21.38 40.14
22.32 66.41
99.93 27.09
52.58 62.13
76.04 18.73
74.69 62.76
92.60 23.20
47.96 74.63
43.02 92.65
87.68 30.85
17.48 96.60
83.26 41.85
24.97 17.49
36.69 9.92
31.19 3.31
72.04 57.35
13.88 45.53
0.12 47.53
84.60 98.10
22.72 15.34
35.28 86.37
27.79 23.96
3.03 52.40
17.50 49.41
26.52 60.02
82.01 15.01
8.79 46.27
32.74 40.70
63.95 54.81
86.06 89.10
67.38 19.23
31.42 43.12
59.53 91.14
95.15 37.40
44.48 18.28
57.57 25.07
98.15 91.00
35.04 95.94
96.23 58.69
17.51 42.13
65.69 24.64
39.77 49.59
26.47 95.95
5.85 7.39
78.01 71.19
69.14 82.87
98.27 52.36
63.93 74.55
20.32 94.06
40.91 33.75
70.31 11.98
23.88 63.79
62.30 70.61
62.07 99.86
78.99 83.36
58.41 68.46
92.70 22.85
41.24 71.82
72.30 65.10
71.00 24.12
14.39 10.23
13.29 92.66
41.60 4.71
63.13 65.60
48.85 57.99
21.09 52.34
83.20 40.39
54.19 64.61
98.89 93.18
40.42 8.66
86.86 78.95
17.91 95.77
68.96 55.70
81.64 20.97
26.10 33.31
90.52 21.45
7.15 80.86
86.00 38.07
16.48 64.87
92.99 80.43
77.54 89.40
81.78 9.14
64.22 54.05
5.98 42.72
72.65 41.97
6.82 64.31
14.82 25.40
41.70 45.96
20.22 34.58
14.12 99.53
62.89 44.83
4.80 12.93
90.13 23.67
52.56 43.78
6.59 30.33
35.96 61.72
50.81 96.26
8.95 90.89
55.16 24.76
33.28 96.39
10.76 49.25
17.30 94.01
73.71 80.23
3.57 74.08
13.22 79.24
19.25 19.45
80.60 51.84
68.05 29.97
45.32 37.97
79.96 55.70
21.00 79.62
94.92 87.16
89.41 16.17
35.71 97.41
41.53 48.70
1.55 66.89
64.63 39.25
24.59 95.20
54.27 55.97
75.33 77.54
15.32 73.25
42.10 35.22
46.92 93.14
66.50 97.67
82.10 56.88
66.55 32.02
13.55 96.66
83.22 49.82
57.13 55.71
59.38 69.22
90.70 45.64
83.11 75.16
25.65 28.17
83.34 77.65
57.34 26.16
23.64 51.95
14.54 37.97
35.06 24.98
93.36 16.22
33.89 24.17
39.79 71.57
62.41 67.43
53.62 15.81
94.54 23.58
71.59 5.54
32.70 7.30
86.24 21.06
20.95 71.98
9.51 76.11
47.04 62.74
94.13 42.55
1.09 19.04
98.78 94.28
40.82 23.01
48.63 19.21
87.51 75.84
55.48 80.29
92.69 87.95
46.96 63.05
7.67 61.74
63.43 66.48
49.74 69.74
51.04 11.36
83.54 32.81
88.07 44.15
85.78 67.10
68.38 77.13
78.85 61.51
69.63 51.12
24.96 85.53
56.05 30.70
93.08 7.71
94.19 95.53
3.66 15.33
37.23 93.97
16.66 34.82
26.59 92.03
6.33 9.23
21.48 76.67
3.33 65.83
71.41 64.07
96.05 86.75
88.94 76.55
42.67 19.60
36.77 77.70
48.89 23.32
46.21 82.68
82.48 47.25
53.45 23.24
82.23 7.13
55.07 16.39
52.34 77.41
92.64 87.89
50.46 18.80
92.11 52.64
64.67 96.93
48.02 41.04
58.05 38.12
96.71 65.01
36.88 5.24
17.64 36.01
99.00 34.93
4.81 69.88
74.47 10.98
33.86 3.66
75.80 84.54
47.24 29.46
59.43 41.45
64.91 18.68
56.97 35.71
49.95 40.72
4.64 85.91
71.84 22.15
51.77 39.15
90.78 57.79
74.99 19.07
36.53 14.57
16.01 49.97
11.75 25.91
47.67 15.72
13.79 67.30
21.00 97.67
78.08 39.29
42.09 57.84
19.26 43.89
27.37 88.45
36.43 89.58
21.38 42.21
55.34 35.31
48.10 41.41
69.52 53.59
77.94 60.61
91.44 77.55
64.74 79.16
8.87 80.61
51.65 61.80
45.58 37.00
28.90 17.49
92.91 79.47
80.20 74.32
52.22 86.49
18.71 33.93
17.86 81.63
7.45 38.10
46.51 76.75
50.56 39.46
5.25 56.21
18.21 76.77
86.44 82.88
91.32 3.73
96.83 26.58
34.51 69.77
10.28 43.09
86.52 50.10
61.36 23.24
87.37 78.64
11.52 50.60
12.17 79.88
71.39 84.07
42.90 58.46
71.34 66.79
73.32 12.19
56.20 33.04
27.15 51.26
65.83 55.92
52.65 88.49
88.70 53.72
66.96 25.29
84.74 73.68
27.96 48.79
49.54 37.12
30.97 67.54
87.43 28.32
29.43 71.14
96.40 85.63
1.76 65.49
85.96 23.01
81.11 24.20
75.42 78.37
56.43 55.21
53.70 4.58
49.27 20.33
15.18 63.93
16.65 66.05
53.50 89.09
60.23 61.74
9.64 36.71
92.46 9.14
29.76 41.04
27.43 62.09
2.95 35.47
54.21 85.01
10.49 23.84
63.64 41.09
59.54 81.41
95.48 95.25
53.00 11.77
54.63 74.65
16.23 38.44
15.42 87.19
6.70 54.76
75.72 27.78
92.49 51.37
93.38 47.85
88.54 18.22
71.42 17.28
63.71 42.06
8.22 91.50
85.39 27.61
90.25 65.49
87.53 47.64
14.15 60.76
94.86 28.54
46.06 13.67
56.11 48.26
68.74 51.19
75.07 51.18
47.04 55.30
56.59 28.16
88.08 31.57
26.74 41.58
54.46 47.18
21.89 44.93
73.64 71.96
53.64 66.34
5.45 67.96
41.43 89.93
44.98 69.63
32.34 12.15
3.02 15.43
13.86 54.66
80.08 81.21
50.22 11.84
71.94 70.47
24.48 28.77
7.52 57.91
72.00 69.02
64.53 69.46
83.72 69.55
66.09 55.35
39.98 67.42
40.07 33.04
88.06 38.36
64.00 74.65
67.90 17.22
82.17 62.81
84.23 50.87
88.51 21.94
52.87 6.70
78.62 86.12
9.88 97.87
5.65 62.38
50.29 50.37
21.67 6.76
38.84 84.17
59.87 97.36
55.49 94.99
75.24 71.84
56.24 5.12
27.25 30.69
42.52 64.08
48.47 63.99
44.18 51.75
56.71 73.97
86.62 66.05
58.00 94.46
10.01 93.98
94.82 77.52
2.74 48.19
0.37 47.18
35.95 4.94
48.08 29.16
70.65 79.08
12.42 89.01
49.21 7.62
29.25 67.72
70.45 48.80
23.55 94.07
93.06 92.54
70.83 12.67
10.57 47.88
46.50 9.80
11.65 94.70
71.47 60.00
65.53 6.67
98.01 35.06
37.57 19.24
87.26 34.22
59.56 34.24
83.60 6.93
42.58 12.25
91.25 55.02
71.20 18.94
1.09 71.31
52.70 60.46
33.26 91.08
72.01 69.38
74.34 39.25
76.82 34.16
51.25 6.97
5.39 7.00
80.74 89.02
16.34 96.22
75.26 63.29
46.25 64.99
7.90 73.82
57.05 97.72
6.10 13.96
95.35 24.34
79.87 89.21
78.14 65.60
58.99 90.76
16.54 49.87
39.04 1.92
36.18 17.79
36.08 46.73
67.24 84.37
10.24 41.32
23.71 87.22
86.54 51.17
47.59 21.91
19.03 7.58
44.64 73.56
40.08 2.99
55.38 46.18
86.08 3.89
85.46 25.29
9.03 16.03
37.42 60.57
49.73 3.15
10.09 44.43
51.43 71.98
45.97 48.39
57.26 69.92
41.90 10.45
59.39 73.29
92.16 87.02
68.20 84.00
19.30 13.58
73.36 22.80
33.12 73.75
79.29 43.17
79.68 25.50
6.30 65.99
21.07 32.50
92.66 91.71
48.21 69.98
41.82 79.53
98.70 41.67
51.89 4.00
70.48 67.89
15.59 99.63
62.04 27.70
17.34 37.24
9.40 78.26
27.81 9.66
76.51 95.44
45.70 90.97
45.65 16.33
50.92 54.67
17.66 32.03
31.20 41.24
86.19 35.69
75.55 46.19
9.69 85.08
37.43 60.37
96.00 78.21
39.17 94.01
12.80 52.85
6.04 7.22
73.52 5.93
24.30 8.64
54.90 32.11
47.31 20.82
12.12 72.61
25.62 29.97
37.36 15.06
64.10 60.10
99.03 3.09
89.18 53.70
86.89 4.31
42.66 98.12
23.39 21.48
83.33 58.68
46.32 67.90
80.40 21.34
30.85 21.74
18.28 68.85
90.16 74.45
26.32 95.69
0.08 67.08
8.79 86.49
58.00 44.70
2.65 68.16
48.44 89.01
7.79 60.14
33.95 69.56
53.12 48.73
16.99 54.89
61.08 38.69
7.27 50.08
55.97 88.46
43.24 80.90
42.02 0.03
76.17 60.24
46.06 87.18
65.19 50.09
73.31 8.61
86.71 4.82
6.56 10.06
59.98 66.22
92.04 99.05
57.69 65.85
78.84 1.41
13.72 12.69
48.10 42.94
67.35 31.97
43.86 24.64
34.24 78.17
5.83 6.77
58.48 12.83
23.10 33.34
24.00 69.68
52.13 1.03
87.39 34.21
37.82 29.83
9.71 78.81
9.10 98.89
26.43 19.54
79.33 95.26
7.66 14.13
59.17 47.66
48.27 65.94
81.11 63.56
99.86 71.88
12.24 70.24
33.01 46.65
88.55 68.19
77.03 96.14
70.61 28.61
4.56 19.37
23.63 82.09
67.04 12.42
60.91 44.95
26.40 85.23