1024
98.23 22.63
33.81 14.21
95.89 40.28
43.05 30.30
34.70 11.58
63.68 89.52
51.44 1.45
9.88 73.11
13.00 7.54
68.15 50.98
97.65 20.77
86.83 50.26
82.03 17.77
50.55 76.28
93.01 77.05
81.43 63.04
66.80 88.29
93.24 61.55
81.67 88.29
92.63 86.04
25.51 78.40
54.19 7.15
3.66 1.21
27.05 59.57
90.69 32.32
94.29 90.65
60.60 15.51
3.26 47.81
0.42 61.28
7.26 27.62
92.21 57.07
93.12 22.50
24.72 62.37
27.86 74.45
66.27 34.63
73.21 46.46
97.20 3.40
36.48 17.14
63.87 15.75
84.90 31.51
83.46 0.22
12.29 58.65
71.90 12.53
52.91 9.36
33.73 13.67
8.91 49.87
50.77 27.53
5.44 16.59
76.55 13.94
83.01 41.51
25.42 24.35
57.56 91.22
86.70 75.47
44.25 72.05
1.18 41.14
50.55 71.28
68.37 5.25
5.15 83.82
91.54 3.83
96.48 57.74
89.61 2.41
27.18 89.82
37.16 98.80
2.01 96.53
7.59 48.95
89.03 19.40
10.62 24.94
21.29 13.20
90.06 21.78
42.79 67.52
32.64 70.01
4.53 31.32
62.48 95.38
91.71 14.37
72.97 83.57
70.92 56.39
8.47 18.61
40.22 13.82
85.76 58.26
26.66 77.99
71.41 64.68
61.61 8.38
37.44 73.86
82.74 20.87
69.83 22.14
82.42 66.73
53.41 38.29
18.39 52.63
79.94 97.83
16.49 60.69
47.70 62.65
66.33 6.67
80.35 61.32
2.75 77.45
93.95 96.26
14.34 54.21
27.17 89.47
85.60 8.62
15.06 3.15
34.67 97.82
8.89 86.58
19.87 70.67
28.86 59.43
94.70 95.96
40.01 12.38
72.40 80.90
83.09 46.12
99.74 59.46
28.63 44.66
23.16 54.01
15.68 47.54
57.44 19.15
91.67 81.96
85.47 4.97
65.18 27.60
85.95 35.58
63.84 68.40
4.94 86.45
74.54 44.44
27.31 70.66
67.60 62.39
50.51 36.56
34.15 52.14
57.09 88.39
51.08 68.11
59.99 42.37
47.24 62.48
19.61 51.39
46.41 31.50
75.78 92.14
79.85 99.18
37.10 0.27
27.57 7.84
0.46 80.48
38.97 34.96
29.95 22.71
39.56 43.90
81.10 14.60
23.27 0.27
79.40 47.13
75.52 96.72
81.93 34.48
22.47 24.27
16.88 43.14
42.27 41.81
16.71 27.52
28.90 95.47
0.19 52.07
97.42 10.14
73.91 29.47
18.14 53.02
74.74 1.79
90.63 33.03
8.85 72.08
44.74 14.24
17.66 36.79
7.05 82.07
26.75 77.94
86.45 13.44
68.57 76.17
18.66 65.13
93.42 31.01
19.74 96.13
59.04 41.97
78.35 91.22
28.36 57.34
11.99 45.27
94.13 74.08
20.36 48.36
72.14 69.41
44.07 88.23
27.65 68.25
49.89 56.48
90.33 68.52
43.56 33.76
67.11 72.75
10.68 92.17
97.24 80.75
52.01 29.12
77.39 51.88
15.95 9.74
2.18 25.05
20.62 51.92
37.65 51.36
45.06 54.15
74.16 4.77
36.93 59.11
6.62 87.43
33.13 69.55
11.05 19.21
39.78 73.48
38.38 66.99
73.06 87.52
99.78 59.56
19.57 37.81
43.78 22.98
51.49 75.77
10.54 28.99
40.51 55.90
30.03 3.47
72.50 26.62
74.61 70.16
29.65 12.03
56.30 1.96
54.62 54.25
3.67 74.65
83.45 16.83
54.66 98.14
66.58 96.55
50.66 28.24
25.86 58.10
35.85 85.35
37.21 66.59
61.64 16.45
81.52 20.57
34.41 79.70
20.36 57.10
66.39 44.20
48.08 89.37
75.90 29.02
34.38 91.90
67.91 14.12
24.36 64.56
48.25 14.62
10.97 2.97
28.03 87.16
25.18 3.71
84.19 67.42
79.73 31.35
74.55 96.08
77.39 18.77
51.86 34.55
65.74 8.95
90.11 15.43
26.45 85.89
0.42 52.55
0.02 44.79
55.86 49.85
47.28 73.16
13.16 20.94
12.97 65.48
64.92 56.79
25.70 74.48
42.33 62.39
55.34 21.52
10.80 87.84
3.92 11.99
33.35 88.03
71.92 66.16
31.64 67.63
16.25 58.66
56.20 3.90
75.19 73.53
14.36 68.72
54.73 84.67
50.72 42.74
21.94 40.72
50.11 15.97
65.41 92.44
31.09 32.59
73.08 7.54
25.12 89.70
40.19 71.91
53.84 14.80
70.01 89.40
37.93 80.13
35.39 13.57
42.27 13.42
27.82 98.21
10.55 1.65
59.62 72.80
13.27 92.73
87.63 93.19
18.62 59.61
80.53 35.05
51.81 74.33
57.35 84.77
17.92 77.13
65.94 47.70
52.25 30.09
39.03 1.34
41.81 62.06
85.61 85.86
8.78 63.02
68.67 47.99
18.38 49.83
22.42 30.47
99.50 51.44
77.55 23.96
20.63 82.06
52.72 39.77
41.70 21.67
70.63 46.45
80.92 26.40
93.93 25.09
95.28 95.86
73.87 63.14
92.23 33.32
58.26 8.84
51.66 72.85
61.14 58.19
65.06 18.11
13.30 31.37
36.22 9.92
2.19 67.02
90.77 33.50
65.97 47.34
76.32 28.15
51.01 3.28
75.77 67.23
25.20 73.44
28.28 57.98
36.50 21.00
48.17 87.19
14.53 83.97
31.40 45.75
25.91 91.84
21.85 75.43
47.59 23.78
46.75 24.57
68.62 25.99
48.01 6.07
92.18 56.25
77.23 2.57
67.03 1.19
55.63 44.92
64.23 77.34
39.54 58.35
69.37 90.12
92.99 34.21
60.88 59.92
62.34 50.64
77.07 30.85
26.34 66.79
13.60 23.57
39.30 76.78
49.93 59.58
99.46 46.35
89.54 32.08
74.62 56.30
31.06 39.92
33.11 68.01
16.81 0.61
8.88 13.14
79.67 71.65
28.04 65.98
22.19 54.06
56.43 96.00
6.85 72.86
48.25 48.07
26.81 30.31
85.01 51.34
75.47 4.59
91.72 29.84
34.88 32.46
77.73 84.63
33.18 16.14
3.27 15.73
71.20 52.40
29.78 22.99
81.94 48.15
26.75 49.86
46.81 88.58
28.44 48.49
84.29 1.09
65.58 84.36
53.99 40.61
78.74 26.91
33.64 82.27
15.45 92.43
61.22 64.09
15.29 21.66
9.70 83.73
3.61 38.73
53.72 44.64
37.02 28.84
27.08 39.15
90.78 27.68
50.89 6.80
25.36 14.92
57.70 62.93
50.53 84.41
33.74 6.37
6.70 1.86
57.03 88.84
88.68 40.91
23.29 64.99
93.79 52.01
10.29 32.23
20.98 43.38
69.52 63.77
60.16 76.95
97.41 67.46
17.42 14.72
77.93 26.18
75.67 39.77
89.17 70.98
99.66 45.85
83.98 10.52
51.24 18.73
53.09 52.84
39.60 81.35
21.81 2.78
51.68 86.89
83.38 77.41
71.53 58.94
58.49 15.35
17.27 42.52
4.65 74.68
8.74 2.06
86.82 61.22
58.64 82.98
88.70 79.84
49.02 72.62
94.21 84.02
11.52 71.32
61.40 92.27
98.63 50.55
73.07 64.46
38.85 84.54
23.51 0.58
49.42 4.87
1.99 82.72
86.58 5.12
81.18 22.88
4.94 56.30
2.14 72.96
1.83 34.67
64.12 7.79
46.41 4.83
0.41 12.90
70.32 39.79
35.49 34.09
4.72 68.88
1.93 61.18
16.33 97.58
28.28 64.06
49.40 58.42
26.06 2.71
70.67 30.23
32.80 19.58
72.61 7.54
1.74 23.19
59.06 58.89
16.17 31.96
78.08 96.49
58.21 53.89
56.41 72.16
32.77 43.38
32.93 68.77
30.17 34.58
99.88 40.63
23.03 62.34
67.97 20.25
67.71 81.35
35.47 80.95
22.80 54.23
71.91 91.38
38.27 36.93
16.38 43.43
67.04 73.22
37.59 70.46
48.69 90.57
34.22 84.61
96.72 0.65
77.17 17.28
83.85 67.26
69.65 73.58
92.02 91.28
24.51 32.98
86.95 51.75
29.34 9.28
37.85 76.62
32.79 12.40
35.76 21.84
70.60 89.38
44.92 68.22
44.46 57.98
24.05 43.52
62.77 22.78
77.53 94.68
70.78 50.32
35.81 74.03
97.14 35.13
24.43 15.89
21.76 64.08
29.29 43.11
61.92 75.09
46.86 84.41
54.90 25.44
23.73 91.85
11.53 1.91
15.27 57.53
58.25 34.47
68.43 47.28
50.21 35.39
78.63 69.41
87.87 51.26
90.52 53.50
81.30 11.48
11.48 7.20
59.38 17.92
70.93 7.34
68.59 34.32
36.22 34.21
35.13 37.27
28.77 19.42
9.98 39.93
33.46 31.73
22.12 67.85
0.39 85.86
25.09 52.88
10.03 90.57
74.16 39.19
20.24 17.14
6.46 4.39
68.54 93.34
7.93 33.58
16.16 69.47
91.25 59.40
78.12 99.91
76.37 14.61
40.96 85.75
73.71 93.95
66.64 51.59
55.64 18.45
36.32 18.95
97.66 44.97
26.81 81.22
61.41 4.40
84.09 6.65
6.06 79.42
22.78 87.04
66.39 85.92
8.43 26.44
69.88 34.30
96.55 89.36
88.60 36.07
25.09 64.95
22.29 78.48
76.39 24.60
6.65 67.45
93.26 28.36
17.72 59.49
96.14 76.66
66.94 19.37
59.46 87.17
61.97 60.29
39.14 33.63
8.65 73.14
90.00 62.52
68.00 37.56
52.09 81.49
15.24 92.59
84.12 8.97
75.18 97.92
35.11 26.71
71.01 47.75
90.34 46.22
19.41 33.47
71.15 45.41
19.36 96.58
70.07 40.37
25.59 54.17
43.39 48.61
41.11 61.14
96.94 16.27
23.03 2.20
99.34 71.31
89.67 46.88
24.13 25.98
15.36 79.04
17.19 89.09
98.85 35.85
58.86 10.39
95.57 35.54
6.67 54.26
24.67 72.91
38.02 74.06
8.27 68.85
71.76 74.67
31.01 41.42
77.79 47.01
51.35 17.93
30.11 41.47
11.33 79.15
6.99 49.55
57.97 89.56
99.47 40.70
9.92 71.86
24.40 97.25
68.81 12.92
13.89 19.58
55.98 8.72
33.42 10.64
47.61 69.59
64.90 75.03
93.55 98.38
67.76 59.64
33.04 62.57
29.88 72.21
89.28 6.22
7.98 5.97
14.65 14.41
82.89 1.64
95.28 23.27
14.34 95.09
16.52 45.32
76.74 35.33
34.18 31.89
4.96 15.68
36.24 81.83
11.74 0.26
31.66 65.44
61.28 47.21
99.64 0.39
12.97 49.56
54.64 10.46
23.46 59.44
30.48 60.03
38.91 11.88
22.14 90.38
62.19 63.02
75.10 64.45
18.38 65.16
26.60 33.10
87.77 27.13
9.12 18.50
33.30 66.45
92.15 21.16
25.22 24.76
21.01 49.65
35.06 95.15
75.40 5.84
44.31 80.64
70.87 66.13
81.76 57.80
29.83 52.00
84.42 44.29
17.39 31.70
93.24 56.37
59.09 5.68
60.92 73.44
18.15 88.83
67.21 67.86
78.25 11.44
79.73 16.48
9.07 12.38
11.24 29.73
39.44 1.45
51.49 31.46
22.80 58.20
42.91 66.47
51.56 12.40
78.62 72.65
51.20 95.37
66.01 81.42
50.51 22.55
97.45 97.33
70.26 23.84
62.74 90.66
29.28 80.25
84.24 17.95
15.34 56.77
19.28 42.11
56.17 72.06
91.50 62.45
39.54 18.10
85.15 49.34
87.14 30.96
38.89 75.08
86.01 63.95
41.93 68.70
49.30 93.90
74.10 78.59
84.20 13.51
78.52 20.52
45.08 6.28
35.82 45.40
5.00 46.57
28.95 43.36
77.07 96.32
4.53 10.16
30.70 52.02
11.56 21.94
48.37 30.70
92.60 17.42
33.33 15.46
44.62 71.73
43.69 31.02
43.07 72.14
68.32 2.19
80.25 13.82
71.68 4.24
95.11 0.82
46.87 3.84
1.53 23.18
69.60 1.52
84.23 52.50
82.22 44.66
78.02 71.05
32.26 99.26
29.64 39.87
39.26 18.83
94.27 18.18
43.53 20.24
2.16 74.29
57.96 74.88
95.03 61.28
97.20 48.88
96.88 92.13
28.09 10.30
83.51 65.20
81.95 62.35
56.90 19.00
91.96 51.09
25.46 19.96
92.74 14.73
65.91 21.79
22.95 72.68
44.98 39.59
72.09 1.23
71.31 4.55
87.56 48.37
65.08 19.19
90.76 78.30
20.78 84.91
92.83 88.08
31.00 3.94
99.62 57.67
24.42 66.01
48.32 50.19
28.32 29.76
36.44 41.41
93.73 35.07
88.28 10.89
61.92 13.87
4.44 64.69
87.33 1.86
35.04 13.33
43.81 51.88
60.80 70.87
30.08 34.81
92.97 9.70
60.27 22.01
63.04 96.80
23.33 8.33
19.98 56.82
30.81 30.63
19.45 71.89
72.15 99.30
15.58 13.34
49.27 78.63
99.46 2.54
40.71 13.53
21.01 45.32
70.59 75.73
69.09 80.73
16.65 5.91
69.96 61.33
93.55 16.42
69.38 29.28
63.97 1.04
86.35 92.78
30.36 11.17
58.27 65.64
10.76 36.28
74.62 93.97
43.28 64.54
61.73 33.59
44.98 33.88
86.40 18.80
15.86 35.77
59.50 78.49
43.19 16.12
10.21 99.90
73.09 3.66
49.93 33.78
6.16 44.87
77.40 37.11
24.25 97.14
18.05 77.31
10.90 85.14
2.81 6.57
46.96 56.05
46.59 97.49
79.78 11.58
91.05 29.68
77.39 66.27
21.88 0.10
84.06 32.03
76.79 31.72
17.57 3.92
11.61 45.57
18.31 14.61
48.97 61.49
0.24 38.44
70.54 38.22
92.82 32.21
69.46 61.89
38.23 85.61
16.93 12.12
34.43 91.39
98.97 20.16
14.37 6.02
26.28 68.34
15.83 60.98
61.52 79.20
11.92 10.38
56.23 0.95
10.97 65.75
32.67 77.00
39.42 29.89
7.44 76.68
67.29 5.92
22.46 14.15
17.86 29.04
61.51 77.55
80.32 31.72
98.32 81.70
94.95 88.39
24.84 67.66
35.50 78.57
12.47 62.44
77.67 99.95
51.51 56.44
77.03 22.02
23.88 51.95
8.25 20.75
9.93 56.64
46.10 32.57
37.22 44.19
93.35 5.13
22.53 99.61
69.82 15.54
80.34 56.41
22.22 7.69
52.57 10.05
48.48 37.72
14.02 2.78
7.95 60.25
81.13 34.81
71.55 9.38
85.57 89.14
25.00 66.36
41.38 71.13
72.16 26.43
56.76 78.77
54.39 18.98
53.52 17.08
0.16 81.64
26.39 52.25
57.14 83.33
71.69 2.43
55.88 47.29
28.46 88.05
31.67 86.67
1.12 69.00
36.01 30.54
89.12 75.83
81.04 47.27
76.32 90.65
90.87 19.14
27.03 3.73
46.04 46.85
10.18 3.64
39.49 13.50
9.35 80.47
42.81 80.77
43.79 37.99
36.10 16.21
18.22 38.50
88.59 26.57
7.02 71.46
27.80 11.83
63.27 70.23
50.64 53.76
6.61 91.06
76.09 5.09
41.95 15.62
65.27 32.48
25.09 91.70
22.22 41.70
95.40 63.33
44.25 30.82
49.27 8.67
4.10 74.70
23.73 31.22
46.01 53.22
59.90 16.55
57.83 76.47
4.49 9.95
40.86 39.84
0.08 42.09
77.26 51.87
87.79 37.86
56.67 30.30
81.06 3.13
42.31 34.87
97.06 94.96
50.82 2.25
52.19 98.87
45.74 66.10
74.60 61.34
88.23 92.94
37.45 83.35
69.45 71.26
20.57 60.04
53.49 58.34
23.16 81.91
44.34 72.30
43.46 25.46
94.00 19.56
41.45 77.17
75.78 25.29
95.10 46.96
26.65 4.84
81.92 6.07
21.64 50.68
76.36 46.88
64.92 55.64
1.59 94.21
44.69 55.40
30.52 75.37
63.68 89.70
54.37 5.05
1.20 77.79
19.60 44.58
80.88 21.23
42.36 52.92
96.47 53.64
64.32 66.96
25.82 48.76
68.58 79.68
65.92 37.68
19.39 62.77
27.94 89.22
8.88 80.47
10.91 83.82
28.51 31.95
53.59 57.63
83.48 64.15
54.28 64.61
67.93 45.16
58.77 19.88
33.16 45.78
76.13 12.41
99.14 25.95
71.73 15.42
32.22 57.53
15.68 78.94
67.76 61.73
10.05 55.95
1.04 19.48
20.07 89.63
58.29 97.00
6.74 93.85
79.80 46.66
91.56 28.22
97.09 38.82
5.30 17.52
37.00 73.20
66.02 68.28
67.25 65.57
74.21 16.02
99.83 73.82
27.92 28.30
45.43 2.74
54.70 85.73
43.70 85.23
88.62 32.05
82.36 2.26
38.08 59.18
45.96 39.30
49.87 40.59
61.85 0.18
20.12 64.17
48.88 70.31
94.33 76.42
45.28 28.26
53.75 88.54
78.12 98.26
49.67 14.62
9.93 5.48
46.80 50.86
35.46 42.66
64.73 51.97
96.93 65.99
27.68 92.28
4.18 7.14
69.31 77.73
9.44 23.87
28.49 56.55
36.09 47.71
81.20 6.86
32.08 25.05
81.91 70.28
2.06 22.01
11.02 65.11
95.17 85.49
86.73 56.26
79.40 46.28
35.60 69.96
19.80 28.25
55.36 58.57
83.44 93.31
52.40 93.14
22.64 93.44
39.08 3.41
92.66 20.64
84.35 61.97
30.86 57.46
4.30 50.99
10.45 50.60
8.81 6.33
32.40 92.04
9.52 44.40
20.93 10.98
28.83 51.56
4.27 67.09
44.98 1.51
51.95 57.07
18.04 55.78
90.66 71.82