128
91.56 82.22
51.25 79.35
79.44 38.79
83.87 20.73
46.04 17.46
72.10 76.90
20.75 14.74
9.66 43.61
15.89 78.88
70.01 62.35
0.29 21.14
26.16 29.71
31.52 17.29
54.34 27.73
5.41 89.49
32.40 20.58
95.28 31.00
55.16 42.43
31.53 80.33
22.25 96.56
51.97 96.24
68.44 19.80
69.24 27.94
59.01 76.15
55.85 6.87
27.62 82.10
14.29 61.07
8.42 53.29
80.68 93.73
16.98 8.35
13.13 26.22
19.46 6.03
15.81 20.60
30.57 36.59
13.96 86.45
30.34 67.86
23.39 17.00
63.66 24.81
22.19 4.69
71.04 20.69
93.92 76.65
33.25 22.72
13.81 38.32
17.41 78.64
59.70 57.85
61.73 45.65
90.36 80.86
92.99 99.54
21.36 22.20
2.06 41.66
81.06 25.07
37.82 27.11
42.35 60.55
17.90 8.52
17.40 56.19
44.13 67.25
67.54 65.27
99.13 29.72
73.32 94.37
50.00 9.05
43.60 70.44
68.67 60.38
21.46 11.68
37.19 76.68
52.76 48.39
12.64 74.48
77.59 21.37
52.51 40.47
44.98 38.41
11.64 33.28
88.78 66.43
17.48 8.71
90.85 5.73
86.62 28.01
66.34 56.03
83.04 96.66
68.68 9.15
59.96 47.97
3.65 55.32
11.90 67.45
39.70 10.60
96.63 27.28
86.11 40.00
17.06 3.58
21.50 85.58
8.85 32.29
33.85 12.64
84.89 61.27
65.87 70.58
62.16 92.02
19.83 15.77
95.04 5.96
48.38 11.74
15.37 66.37
73.88 75.94
43.62 94.89
20.99 19.16
4.45 74.44
43.99 73.97
83.14 46.96
82.14 48.66
91.95 66.08
68.39 66.52
24.71 83.17
21.31 60.04
81.04 52.29
4.90 14.55
61.90 1.53
37.77 64.90
85.60 40.07
42.23 15.19
84.43 67.99
27.48 77.07
33.81 12.08
41.24 73.01
49.08 72.37
40.58 55.94
37.03 28.36
58.47 17.35
43.57 68.29
35.36 12.53
45.61 10.76
78.74 10.60
8.38 12.21
57.13 73.20
77.89 73.20
35.49 14.42
86.38 23.62