4096
76.08 54.90
72.61 6.56
90.14 59.37
50.97 51.15
71.37 49.65
63.11 7.06
86.00 96.70
18.25 69.33
14.71 1.77
67.36 54.35
66.61 24.06
67.27 1.10
28.68 89.20
29.08 2.20
83.36 98.77
93.02 96.05
43.08 24.47
61.37 82.96
94.50 42.76
56.29 20.27
37.43 98.35
18.43 47.75
95.23 10.23
7.76 36.93
10.30 75.07
10.06 31.09
25.72 39.18
25.33 75.14
9.08 23.95
8.15 25.47
39.70 4.38
27.64 34.32
72.81 39.23
46.19 64.19
24.29 60.11
4.10 80.29
14.79 45.61
53.07 98.04
99.25 58.03
54.02 1.10
10.85 20.08
10.57 63.94
67.84 50.91
16.12 48.39
5.95 77.61
8.73 56.10
27.05 58.13
75.62 68.32
42.69 65.19
26.97 47.73
75.82 79.23
88.90 79.12
90.40 16.40
2.55 47.03
75.26 19.41
89.79 69.28
34.12 38.98
41.51 58.86
23.08 76.56
31.56 2.27
23.70 36.86
13.66 83.39
79.26 81.04
41.44 34.90
80.54 41.85
88.78 61.22
93.54 67.41
73.31 23.46
26.00 73.87
29.49 44.21
47.80 72.77
29.28 92.03
71.56 46.13
42.52 63.83
85.48 30.56
85.45 13.52
27.48 44.97
20.31 52.84
60.59 22.60
1.64 49.57
92.10 94.83
30.01 73.85
29.91 48.66
44.00 46.53
20.58 31.77
58.94 52.31
8.99 8.82
15.51 54.12
8.52 6.51
58.46 42.44
40.57 49.23
8.41 24.04
49.41 37.98
82.19 71.23
22.36 59.13
74.84 32.88
24.44 40.84
15.15 49.28
57.07 19.92
93.04 77.82
13.42 30.06
97.57 34.34
25.75 82.01
69.51 97.79
86.32 22.71
93.92 84.57
98.38 85.89
16.55 0.51
41.04 95.49
1.07 61.36
26.26 8.46
93.57 94.58
97.03 29.79
76.11 62.38
73.94 54.35
24.74 89.69
73.62 66.95
47.21 51.16
62.72 52.64
26.17 27.89
18.04 47.39
5.71 7.53
2.76 82.70
79.60 44.71
73.21 26.75
95.24 85.29
41.65 72.54
83.48 0.16
51.66 40.33
65.64 93.16
35.02 80.98
63.30 37.69
38.45 89.82
35.61 22.21
12.15 28.64
5.34 40.23
71.95 16.95
63.23 24.51
91.36 0.17
3.63 48.35
91.29 9.81
89.80 67.26
81.52 87.70
34.53 74.27
23.19 50.47
44.95 17.91
35.38 38.17
8.90 88.65
40.33 18.08
30.10 89.94
11.04 67.09
91.97 29.58
76.67 23.60
41.83 81.24
58.25 33.82
29.50 9.22
12.97 71.32
11.53 68.93
35.86 35.37
85.19 34.53
48.56 17.69
46.50 92.69
46.78 93.24
69.44 30.73
80.14 20.87
47.78 26.69
60.93 27.79
47.62 9.95
12.36 95.71
44.01 41.15
99.89 36.16
22.44 85.73
6.55 74.15
77.72 34.22
7.08 58.52
72.50 62.81
40.62 62.52
15.91 66.81
16.95 76.86
68.38 86.06
62.12 25.89
30.96 69.73
46.09 28.77
34.33 89.22
1.03 74.59
31.71 55.74
81.82 35.22
4.26 49.57
17.76 19.34
53.69 17.01
6.01 25.09
44.52 12.77
64.13 56.05
2.49 91.94
26.87 61.78
73.41 69.21
70.22 5.59
48.01 45.78
55.75 40.31
3.88 64.33
62.96 75.11
65.36 48.23
55.95 64.23
27.39 62.71
0.49 41.96
42.59 97.20
4.96 5.32
70.43 57.74
37.90 91.82
19.55 31.43
68.21 38.64
86.98 84.18
21.79 28.86
77.39 24.23
4.85 8.49
56.77 5.65
30.57 40.45
88.72 87.78
71.69 49.31
75.23 17.73
83.57 64.57
52.74 36.23
7.90 36.42
91.21 8.48
80.08 99.08
40.20 17.37
52.89 73.63
71.12 46.93
39.90 98.93
61.41 22.45
6.77 8.22
88.77 70.54
88.66 71.25
21.91 10.57
61.41 45.09
76.83 30.07
92.04 48.47
59.04 36.97
9.63 41.76
52.93 28.88
66.89 48.92
56.30 17.58
31.56 42.26
32.79 8.25
3.06 34.03
14.17 1.37
48.57 22.73
86.96 66.32
87.84 42.79
23.61 17.95
78.73 30.85
75.27 30.27
94.96 43.70
5.08 82.03
25.96 13.70
55.62 74.43
38.16 79.06
43.03 16.00
50.01 10.88
9.76 80.92
65.73 3.29
3.30 23.78
85.46 61.24
20.22 69.37
64.71 10.33
67.00 46.09
82.59 26.85
77.65 30.42
90.40 1.23
97.40 79.01
33.62 24.01
40.26 4.13
66.40 24.59
31.95 49.68
84.16 20.25
43.14 88.14
51.61 99.00
14.12 4.76
87.82 84.33
14.17 15.09
4.49 65.32
50.78 73.60
59.08 42.68
52.83 12.98
83.53 92.50
44.42 15.94
0.29 34.45
11.03 96.56
65.36 29.25
87.89 2.01
58.95 8.04
64.48 55.60
53.68 55.02
0.12 39.97
2.03 61.46
73.26 24.28
61.49 64.64
55.67 50.68
88.27 12.60
1.72 98.87
95.71 47.45
79.76 17.03
59.70 6.30
43.26 68.91
12.94 67.77
61.97 86.87
57.84 30.42
68.98 12.49
40.10 1.16
54.57 45.19
27.35 17.16
35.76 88.39
16.46 43.92
24.05 83.92
74.49 3.11
31.67 38.69
50.26 55.42
53.96 11.03
72.59 86.20
0.27 54.99
57.51 71.23
36.21 67.89
76.23 54.99
36.91 95.22
73.65 83.65
6.31 99.95
83.21 46.02
9.76 28.37
10.67 81.27
53.60 57.69
22.78 2.07
89.37 58.21
50.08 50.69
82.12 29.24
45.41 3.48
89.19 76.14
15.00 9.13
81.59 9.05
54.96 29.83
84.26 36.11
15.29 74.42
47.33 51.88
87.68 33.67
20.48 67.08
64.22 17.22
6.47 13.30
36.28 56.00
58.09 68.33
19.91 22.12
28.34 86.32
86.20 80.30
65.59 19.46
8.22 11.36
97.98 8.76
85.83 50.31
72.37 40.94
97.97 59.97
63.71 4.49
21.71 38.76
57.26 57.45
91.78 75.40
1.68 56.34
26.24 51.98
32.33 99.69
86.12 63.82
11.19 67.49
10.44 17.69
11.18 57.73
32.48 73.17
30.20 0.35
1.10 61.41
53.37 59.79
93.20 9.43
74.08 77.12
48.34 15.75
89.50 37.45
64.21 87.51
86.76 8.30
87.84 2.68
28.28 4.14
83.25 97.41
40.90 23.89
82.75 87.95
32.41 54.65
48.85 73.58
56.05 99.73
99.20 50.25
67.76 13.78
19.14 50.01
63.19 47.82
91.91 96.99
33.34 33.88
54.58 5.63
60.84 30.80
25.58 89.34
85.41 77.25
6.24 92.01
77.58 98.92
46.40 33.29
82.85 37.37
6.03 87.53
5.88 15.17
37.30 56.23
37.69 99.60
46.29 20.85
56.94 96.02
73.47 60.78
78.31 41.88
33.19 4.64
77.16 37.59
20.06 9.17
99.25 87.64
14.58 40.20
39.05 86.45
78.13 91.83
9.12 94.60
79.95 89.81
27.05 44.33
12.56 23.52
23.32 77.77
15.67 47.01
1.90 20.53
35.93 80.31
76.55 46.56
46.53 12.11
50.13 1.27
28.83 81.59
67.02 79.37
47.57 70.81
52.02 88.54
98.98 24.04
30.42 30.36
84.68 46.73
83.86 64.11
84.69 9.18
9.52 82.97
94.49 53.21
42.22 65.76
63.05 50.57
78.85 73.75
97.12 98.37
94.65 91.99
61.10 87.51
24.41 88.57
48.51 67.87
3.19 71.18
95.54 98.81
7.58 16.32
38.54 83.86
63.79 61.65
34.44 72.86
49.87 90.14
60.15 77.38
43.44 89.95
27.58 11.97
47.18 86.49
91.06 40.02
97.14 85.05
69.24 30.70
48.32 0.07
37.56 56.86
73.24 37.06
97.54 15.21
81.65 51.91
14.04 53.16
46.24 10.36
19.04 44.04
55.73 79.05
92.07 30.02
81.43 94.00
65.14 50.92
87.50 89.23
57.64 59.65
77.37 77.48
22.61 22.89
92.55 72.97
15.98 8.48
84.61 15.06
73.34 77.67
74.73 79.30
25.86 92.25
34.94 6.13
27.89 25.50
27.54 26.65
63.36 13.88
32.28 30.75
90.91 76.71
3.55 40.17
17.16 96.81
43.93 33.57
14.55 16.25
23.02 0.47
13.36 98.17
11.82 37.13
95.02 73.05
63.60 67.97
2.94 60.54
80.38 13.97
23.09 59.41
15.12 59.94
99.92 28.67
29.46 57.35
84.41 74.81
74.32 66.92
47.76 87.05
72.92 29.77
14.88 79.12
58.40 19.82
79.49 34.57
5.52 59.36
0.40 57.78
99.30 77.18
18.28 79.36
84.53 83.55
58.15 77.39
15.94 45.19
32.80 13.77
10.97 81.65
49.77 7.58
52.07 50.99
54.95 76.25
72.85 2.41
96.77 17.23
14.85 79.12
87.33 83.60
74.81 19.73
5.95 12.69
55.59 26.49
20.28 7.43
95.03 42.91
70.43 90.14
34.66 68.46
84.30 22.29
77.99 39.24
48.65 24.22
75.92 38.96
63.04 36.55
25.00 21.33
47.08 73.66
13.30 73.47
81.56 72.33
12.25 72.42
25.36 60.60
31.37 81.15
8.50 36.07
59.87 6.41
95.33 46.96
38.79 37.07
45.23 18.18
74.63 85.91
7.83 50.29
54.17 67.27
7.47 57.11
36.09 22.80
51.62 79.75
71.94 27.71
24.85 60.30
64.11 9.85
41.15 76.91
19.64 53.71
35.59 7.47
11.95 10.02
9.45 37.86
36.88 42.85
68.50 78.38
25.60 63.90
79.27 46.33
85.58 95.32
84.50 10.80
80.97 85.32
44.88 71.60
25.50 78.61
56.27 2.58
97.36 7.78
55.57 50.91
24.21 79.66
50.78 98.49
64.63 55.32
35.17 69.19
49.54 33.04
95.62 47.19
10.68 20.89
25.35 83.80
18.76 20.90
92.18 36.96
87.25 48.61
13.12 43.81
59.00 94.45
61.66 15.02
80.67 45.90
26.93 30.56
4.05 17.23
89.00 30.68
20.64 19.85
93.45 90.16
52.33 47.74
80.55 64.97
13.05 25.05
4.80 12.45
12.68 10.67
74.70 1.31
2.44 91.46
22.51 71.42
42.83 94.99
22.08 63.29
57.71 15.24
23.85 6.92
1.73 44.42
93.91 15.80
70.81 98.12
10.26 37.61
90.47 92.31
69.28 1.55
47.94 69.51
10.62 63.02
92.01 92.00
85.63 60.26
62.92 44.18
12.12 0.82
50.78 4.08
64.08 46.33
31.17 48.69
28.32 30.14
78.76 60.36
24.25 73.52
31.35 52.68
34.25 43.01
2.70 70.50
55.32 51.70
88.29 77.17
64.80 55.07
94.39 78.69
52.14 29.61
55.20 3.03
40.74 57.44
37.40 4.34
46.47 39.35
79.85 70.52
2.91 55.52
84.88 2.26
21.56 50.29
4.37 18.85
14.82 81.07
80.90 40.10
43.27 47.05
61.54 29.16
56.37 36.50
15.55 28.90
12.27 82.29
85.32 20.48
10.35 93.89
37.62 88.55
42.28 53.39
57.45 47.14
66.77 64.48
4.55 45.96
7.79 81.01
41.84 58.39
44.94 9.60
5.88 45.64
31.87 35.75
49.39 59.79
94.48 86.89
78.69 36.82
71.40 89.63
67.54 22.74
35.91 67.78
68.34 49.95
3.56 35.80
80.97 22.58
13.86 63.15
71.35 6.47
48.66 45.88
92.25 28.57
30.21 22.75
88.54 75.19
3.23 35.44
38.77 95.16
71.44 49.65
27.45 51.74
39.49 27.98
46.17 59.41
81.33 45.23
89.05 16.05
39.35 30.89
58.50 99.75
9.85 38.86
31.79 43.41
50.81 87.59
23.25 7.80
17.12 8.21
98.97 37.90
75.96 85.56
63.51 1.97
43.23 64.00
20.06 42.96
58.31 16.69
87.04 3.75
37.30 13.21
69.46 60.25
57.73 16.96
1.97 38.63
68.11 11.32
53.21 21.48
9.02 93.19
28.92 4.96
41.21 15.11
66.14 60.94
73.16 11.38
38.31 68.24
71.14 38.10
5.68 38.43
42.57 31.67
35.62 27.36
73.85 36.79
51.32 27.73
71.82 15.30
62.91 82.18
92.33 12.44
89.55 2.48
46.45 11.04
62.10 62.18
18.45 66.36
36.75 16.46
1.47 17.44
62.24 65.58
56.71 2.72
82.42 40.20
95.08 26.09
66.22 58.81
32.65 67.21
39.37 79.83
80.68 68.38
67.12 47.37
37.47 77.95
42.25 8.45
80.19 56.03
3.66 79.86
91.00 53.37
6.00 89.63
83.08 1.21
59.16 35.71
66.38 65.29
78.25 65.68
58.41 90.93
51.19 22.92
91.96 11.00
73.19 10.73
56.76 12.07
73.95 17.70
5.50 10.92
83.04 6.06
82.40 37.81
24.99 73.17
54.33 92.95
61.38 19.18
33.34 43.03
37.80 42.00
77.66 62.83
53.31 53.84
47.13 74.84
35.61 2.36
33.45 97.70
33.50 94.87
53.45 75.20
36.13 21.92
12.11 47.98
6.17 97.15
12.82 91.20
91.32 24.31
28.04 67.81
47.85 47.53
35.81 4.34
88.63 85.61
58.16 42.27
98.09 38.44
41.97 19.52
71.67 16.36
1.04 42.91
10.93 85.40
69.21 60.97
65.45 35.92
93.40 68.84
50.21 49.37
49.94 92.49
95.79 54.43
68.22 87.92
93.38 90.03
50.32 23.34
79.36 7.67
26.64 57.27
10.96 76.12
75.62 75.47
68.59 57.55
27.00 50.86
99.71 19.12
37.50 86.40
56.13 52.69
20.30 24.47
99.31 79.47
70.24 34.90
22.11 25.53
61.65 16.79
3.76 98.68
4.16 31.29
12.42 77.12
91.72 92.70
94.21 57.57
64.75 86.25
5.65 90.26
81.02 61.87
15.36 75.28
37.21 81.84
5.52 28.89
94.04 21.10
38.15 25.37
9.50 84.20
80.30 34.51
82.55 60.12
38.62 33.55
28.64 75.78
2.42 62.30
19.27 33.91
82.49 63.30
14.54 88.63
53.62 30.45
90.07 18.12
30.50 81.58
85.50 29.43
0.30 95.10
52.08 27.46
18.59 93.89
78.96 75.71
30.91 80.01
57.42 39.99
37.18 67.62
37.14 72.29
54.21 37.61
17.32 44.37
65.23 48.86
8.83 47.04
80.03 85.13
22.09 26.47
57.15 66.38
3.85 14.21
71.48 69.46
46.32 75.51
20.60 38.54
23.49 61.06
59.02 63.00
6.96 69.09
83.42 65.60
96.98 66.68
46.95 86.51
36.01 43.85
82.81 55.06
26.49 79.71
29.11 44.10
77.98 89.93
91.27 83.89
45.64 42.31
5.95 50.81
82.76 94.89
70.98 32.09
98.80 32.85
24.86 54.10
89.62 99.19
22.31 70.15
7.08 51.80
94.26 55.92
50.53 32.78
7.21 73.38
9.44 45.83
35.74 72.43
50.08 62.37
47.86 18.89
32.08 74.81
8.27 98.21
78.32 64.18
86.84 52.03
56.38 56.92
74.50 89.49
42.73 57.12
73.20 29.05
14.65 62.65
61.72 66.06
42.18 90.89
92.59 42.78
28.44 62.35
85.19 85.89
3.67 0.59
85.34 31.71
60.42 75.34
40.99 28.76
52.38 85.85
27.98 17.23
95.38 55.45
42.72 76.51
75.90 24.21
30.81 33.75
52.35 72.95
63.92 74.61
25.71 58.67
60.05 73.90
59.45 2.92
82.62 49.04
24.40 76.63
81.39 62.30
4.76 50.93
49.08 5.45
63.74 31.16
94.22 92.88
64.40 57.80
4.60 52.07
84.34 7.30
48.00 57.65
91.76 38.97
69.32 91.40
86.38 29.08
80.14 61.64
8.19 21.42
81.11 71.17
23.49 1.03
47.40 82.66
38.93 62.97
82.09 55.03
91.69 1.51
7.34 57.23
26.63 2.06
91.35 27.51
81.74 57.75
96.21 96.24
60.22 65.34
83.61 92.79
5.00 69.83
33.16 40.79
50.88 79.68
73.84 57.36
73.31 97.38
99.37 26.59
49.60 15.17
85.58 49.41
80.37 93.31
21.76 63.30
94.87 10.59
10.28 35.89
73.31 66.57
45.75 13.68
99.01 72.84
70.01 27.19
77.61 67.44
23.48 15.15
0.01 82.68
26.91 53.81
78.21 51.13
91.22 7.36
89.37 30.69
44.81 25.43
32.17 4.00
37.49 59.57
63.09 77.21
45.42 68.54
22.48 49.77
4.74 51.87
50.79 4.27
83.03 70.31
80.14 20.24
92.75 92.50
47.67 63.09
34.15 6.73
98.40 13.81
91.80 69.72
40.85 53.82
11.35 95.33
51.15 2.83
19.10 21.77
66.04 33.13
6.91 23.48
74.57 37.89
22.92 58.17
37.19 86.96
51.64 71.26
39.30 39.89
69.36 38.38
88.33 78.76
11.03 17.30
8.77 79.50
66.90 71.84
30.66 30.36
51.01 46.74
31.09 64.25
39.05 60.71
38.70 47.64
96.83 55.63
6.77 36.31
79.04 57.57
85.31 40.92
42.28 50.79
40.71 28.73
6.71 88.35
92.30 12.71
25.11 83.44
79.29 59.20
46.65 0.93
72.83 94.71
50.17 28.94
31.14 22.98
17.04 0.61
73.50 22.77
46.83 59.57
82.35 13.02
10.92 55.22
43.47 0.89
55.72 40.93
14.98 57.02
66.51 30.71
75.96 84.08
10.10 35.87
68.70 47.64
58.38 7.94
92.24 75.34
96.53 33.85
67.85 98.76
22.11 66.43
60.39 80.01
9.77 50.63
92.64 91.45
20.09 44.55
76.75 78.30
0.77 83.84
25.65 48.93
5.23 91.64
10.70 53.33
94.70 84.00
91.58 12.28
2.69 10.46
40.34 85.54
0.20 11.16
71.62 49.89
54.01 21.64
51.37 17.42
57.59 97.26
23.61 49.94
4.36 90.54
61.35 86.53
69.80 34.35
72.00 16.62
30.97 8.37
26.45 37.52
37.24 14.24
8.38 77.64
53.56 23.84
55.32 20.95
37.44 11.31
32.95 61.11
13.91 28.47
96.36 3.63
2.61 56.25
2.93 26.21
84.15 34.04
74.22 86.07
21.41 31.35
59.56 27.49
11.27 32.64
10.81 6.82
57.54 59.97
92.39 1.81
27.85 73.52
89.03 33.40
22.00 20.06
18.07 54.25
42.47 42.78
33.02 61.23
61.91 3.88
94.22 74.80
20.54 33.46
35.06 15.17
91.72 17.92
18.00 1.73
41.18 60.11
85.31 42.27
44.69 37.82
38.21 8.88
12.73 6.00
24.02 53.11
27.02 34.97
7.83 59.20
37.63 10.99
81.30 4.86
89.47 71.58
22.88 19.75
76.67 62.02
57.60 32.92
94.28 98.89
14.24 74.11
42.31 11.79
27.27 17.39
7.26 11.23
28.39 91.10
27.65 13.97
41.31 40.69
87.89 77.63
56.62 47.56
40.25 97.08
96.91 82.57
70.52 29.24
31.14 18.86
93.31 1.84
81.08 89.65
24.06 63.61
58.73 50.48
50.94 30.45
24.87 5.43
10.30 28.50
87.00 81.66
41.92 1.05
12.33 42.23
35.13 9.03
67.52 45.70
72.73 79.74
25.75 21.98
19.23 84.30
85.24 62.44
66.53 5.20
38.71 34.37
63.61 92.18
88.85 42.73
61.38 13.58
15.02 11.63
95.18 45.39
91.37 44.45
35.17 94.54
92.28 40.82
28.02 91.37
4.13 54.67
79.62 29.42
7.31 93.95
59.91 85.71
23.33 0.97
92.83 72.54
98.47 33.61
8.74 32.69
76.60 19.72
52.99 23.88
22.58 54.86
40.88 87.71
61.47 96.60
45.96 91.02
91.65 36.22
55.89 44.66
81.64 36.35
86.94 70.37
71.42 71.68
45.99 19.82
56.01 41.50
5.17 67.79
7.85 69.22
59.73 8.69
66.29 69.20
4.13 86.28
96.58 31.69
86.77 37.76
71.86 1.71
4.74 99.68
58.61 34.64
74.17 43.50
17.09 51.27
42.91 71.83
38.52 33.58
67.32 84.41
65.26 13.62
23.20 13.69
1.01 36.81
6.04 47.01
14.41 77.53
75.26 80.18
33.93 84.75
8.50 1.95
47.64 78.77
84.43 33.91
91.74 72.81
97.49 94.41
11.17 76.68
98.48 88.00
93.56 24.61
70.91 50.78
88.54 63.59
82.46 35.15
16.22 78.34
29.92 67.82
21.22 77.88
69.94 84.21
87.64 38.58
70.24 36.34
87.17 86.16
75.01 27.03
43.74 15.25
68.68 34.16
16.13 98.82
42.68 48.69
92.97 45.78
26.24 4.41
42.05 40.00
69.62 69.14
94.20 1.66
1.29 18.97
23.76 17.94
25.58 84.72
90.33 73.90
66.03 32.82
91.38 17.15
50.29 86.78
67.70 10.49
64.67 24.96
22.73 73.07
22.13 64.13
87.05 91.46
60.52 47.05
62.52 56.20
2.52 56.19
17.55 25.03
37.52 73.68
38.77 23.45
66.78 26.04
57.83 97.93
59.75 99.93
68.18 23.45
90.41 85.21
58.95 4.69
8.30 47.80
58.29 79.62
11.63 75.26
50.80 17.89
78.53 58.86
68.40 75.04
32.74 2.56
36.75 41.71
95.33 86.19
37.26 9.59
63.33 40.46
79.76 44.85
53.61 58.38
81.40 58.75
1.66 14.45
27.33 55.39
22.40 13.71
43.91 57.13
81.53 44.15
62.97 84.22
0.64 91.69
87.72 57.66
50.00 77.42
97.89 28.98
39.85 24.34
54.99 82.22
57.18 82.29
7.01 7.75
84.84 35.64
1.37 13.03
97.53 50.28
77.03 90.37
98.41 29.61
81.11 7.38
65.28 76.94
41.17 97.80
27.45 80.01
8.69 86.25
67.38 6.10
58.31 89.68
63.69 71.49
32.08 96.81
43.10 33.14
20.57 51.76
26.70 13.73
15.49 14.15
79.71 88.06
69.56 58.25
68.68 72.31
72.37 13.07
46.65 4.96
82.21 83.07
39.87 94.55
16.83 72.61
72.81 54.54
12.32 18.02
73.84 10.00
97.17 86.68
10.78 69.66
60.47 83.21
17.51 97.89
83.76 64.90
80.38 65.26
35.24 6.29
66.91 5.98
85.59 36.13
59.96 39.00
65.24 32.59
91.84 75.09
23.24 18.30
6.63 49.03
17.25 64.29
2.14 3.20
34.81 20.93
4.32 68.23
68.11 89.99
77.16 4.71
47.59 28.54
4.06 21.34
40.21 22.75
19.52 3.99
31.96 50.40
13.51 38.05
27.68 10.36
37.36 16.94
95.36 81.42
10.60 5.82
93.39 26.14
15.97 88.04
8.95 37.72
74.33 10.57
90.87 32.58
92.22 22.00
10.22 88.42
94.21 21.31
69.67 1.95
78.70 94.96
69.32 63.38
25.96 49.07
86.39 78.90
83.62 77.32
51.23 41.03
4.73 48.69
26.46 57.15
89.79 27.46
50.46 99.13
46.85 60.39
61.16 44.79
93.92 64.20
59.19 67.79
0.38 61.75
49.77 20.59
29.84 46.87
1.71 61.76
9.51 13.90
93.81 64.97
47.54 73.28
81.35 81.93
31.85 83.45
63.25 14.56
34.00 35.48
17.70 17.58
4.57 65.15
30.20 56.80
77.00 94.65
80.45 35.89
82.96 33.86
12.15 72.24
43.14 18.72
13.25 32.55
6.25 2.90
9.78 82.86
25.37 8.02
85.12 57.11
98.34 76.38
60.21 74.05
33.71 50.96
28.66 48.35
70.13 58.59
95.25 38.63
74.33 10.16
33.69 43.23
10.50 82.76
54.20 15.70
53.01 65.54
76.67 79.30
28.41 33.37
25.31 61.78
17.38 50.44
93.64 28.15
52.93 24.55
0.48 4.65
90.11 68.60
77.49 86.09
23.02 76.65
14.04 71.37
35.23 89.20
2.62 41.91
31.76 80.64
93.99 12.00
21.62 69.83
55.98 64.69
65.42 95.26
14.11 20.05
96.14 71.20
67.72 93.81
18.25 25.82
31.24 41.97
39.28 9.63
57.23 52.25
26.59 61.96
98.48 69.45
66.94 59.15
78.32 97.89
25.88 13.38
84.31 71.11
0.64 49.16
55.50 32.38
45.75 89.17
76.73 96.96
89.01 11.14
2.12 45.73
58.78 82.55
99.73 61.83
39.70 66.59
39.00 19.09
86.25 22.13
49.40 4.67
74.20 0.68
26.43 56.69
30.74 79.87
62.60 92.85
88.50 47.87
81.71 51.29
68.73 54.12
22.12 87.85
51.81 9.10
39.84 7.35
0.95 5.84
57.16 12.64
22.43 82.64
90.85 40.72
87.21 37.56
10.47 77.26
39.31 46.30
37.89 98.00
75.61 5.00
77.34 86.59
59.57 22.95
72.06 89.77
55.80 28.13
34.79 27.49
78.34 88.51
36.96 50.27
43.28 10.67
41.16 76.20
97.44 76.12
84.20 78.96
46.06 29.37
44.15 60.06
27.91 76.08
74.44 99.91
57.74 11.05
75.35 0.05
25.13 59.15
24.40 17.83
72.50 84.36
39.97 95.82
50.85 33.89
92.18 61.93
57.08 12.92
12.67 89.64
81.99 52.20
28.72 19.92
37.00 62.49
63.99 42.34
73.30 90.37
67.62 33.11
74.78 37.93
42.82 30.26
5.93 36.46
12.53 15.14
59.04 37.31
40.90 88.94
1.03 51.86
88.29 56.91
79.56 65.75
80.23 56.42
38.95 21.18
81.74 83.70
88.82 98.29
92.40 82.71
36.67 34.00
41.40 15.69
70.27 64.04
69.69 73.01
19.66 70.06
10.93 67.40
13.17 74.72
59.97 66.31
20.31 65.84
17.29 60.58
68.23 43.00
85.41 36.72
45.41 49.16
99.54 35.12
34.13 82.04
91.88 11.00
47.78 41.72
13.63 70.18
89.54 2.80
72.15 91.75
28.54 27.18
50.60 48.50
76.23 88.91
29.81 20.63
12.95 45.56
9.21 15.84
56.26 62.31
11.71 6.38
92.98 78.33
58.27 27.59
69.51 24.47
2.38 23.81
30.23 43.60
3.25 70.90
8.78 72.05
14.14 56.22
87.64 14.63
39.41 27.75
10.52 99.12
98.33 86.59
60.80 13.35
66.38 96.82
78.49 56.58
27.67 78.56
40.01 38.91
35.66 9.80
55.33 82.19
54.94 92.32
51.39 81.31
53.20 48.11
21.05 14.82
31.45 2.47
32.71 82.81
46.35 46.51
45.75 40.78
27.78 14.63
75.32 22.36
87.15 83.96
34.75 68.38
37.95 90.59
36.65 25.24
70.11 24.28
14.62 27.02
20.71 63.03
65.04 17.13
90.72 50.96
10.78 35.17
95.78 98.78
72.79 81.65
77.42 79.75
74.20 3.06
14.63 5.35
80.97 57.23
1.46 0.06
17.06 67.17
2.58 1.21
6.62 19.99
18.56 99.84
72.00 77.16
4.50 88.62
84.21 44.71
35.11 32.42
23.14 13.70
34.94 66.08
28.18 24.31
67.15 66.29
28.19 8.70
99.40 0.32
38.08 53.83
42.05 86.45
88.11 50.53
77.68 35.83
50.81 11.19
79.55 48.74
1.93 78.85
1.91 94.80
53.01 27.27
53.12 64.41
24.22 21.58
0.17 65.43
4.03 51.45
42.02 97.57
84.76 12.75
9.64 38.32
22.19 62.77
91.51 98.57
87.33 65.57
64.48 51.83
75.02 78.22
56.76 46.32
12.60 29.44
17.80 7.97
58.09 50.71
9.94 62.88
71.56 22.95
24.25 66.06
21.59 31.07
21.78 14.91
63.58 66.01
78.42 31.67
14.15 56.73
97.70 81.93
14.47 38.54
72.14 18.53
71.08 77.80
68.61 74.11
42.42 9.42
45.70 59.43
63.83 56.72
61.54 68.82
70.12 8.57
92.66 70.60
96.91 18.58
59.63 50.98
44.72 30.29
80.36 6.31
85.63 12.42
69.80 92.76
81.75 14.56
78.42 28.94
1.25 23.95
13.68 35.86
34.85 65.65
41.85 73.59
69.96 27.89
13.51 28.30
45.52 46.41
41.92 71.98
28.82 13.37
34.87 34.48
3.89 15.69
60.32 82.33
26.84 88.03
76.26 83.55
52.95 79.16
41.85 17.02
30.32 90.64
28.19 93.99
24.39 15.63
42.17 39.84
15.99 30.89
74.15 10.10
97.95 25.61
87.86 79.34
42.46 86.69
20.05 90.54
47.94 38.93
24.94 68.74
34.21 80.07
49.31 93.96
12.00 39.94
64.43 89.44
43.16 4.40
20.26 24.22
92.87 99.38
59.05 67.33
54.25 74.62
17.68 51.84
0.02 55.65
92.62 88.84
11.97 32.94
45.73 24.25
90.42 79.22
35.21 23.69
60.93 71.53
92.78 60.03
78.93 97.71
45.81 14.24
98.02 52.47
33.70 65.00
37.53 34.78
99.50 65.04
54.23 60.98
67.75 18.37
23.48 87.62
99.35 95.53
4.29 83.33
25.14 70.17
49.17 54.67
26.96 11.30
86.23 97.90
64.05 54.92
15.60 17.53
48.30 56.42
56.43 17.71
67.55 73.35
95.78 87.31
80.90 25.55
84.75 99.95
21.73 60.97
12.70 70.21
53.41 28.56
3.92 75.66
22.86 42.85
70.23 46.50
88.61 40.18
64.94 52.29
13.42 19.27
71.33 98.30
6.61 41.91
10.29 13.27
48.20 40.60
46.12 45.25
34.70 43.00
30.85 96.42
34.76 68.66
78.91 6.75
29.60 55.40
38.42 85.84
48.79 86.81
14.83 7.03
82.56 95.01
13.46 80.81
78.00 87.13
25.59 97.01
95.44 13.91
74.45 43.09
71.54 56.36
62.07 28.58
33.12 61.73
14.30 16.33
42.83 68.13
43.94 44.96
1.62 31.06
74.43 49.68
69.78 61.03
86.38 60.26
33.99 11.91
58.75 5.89
77.44 36.59
59.65 72.63
41.20 41.59
66.33 89.73
82.82 17.61
64.99 38.06
71.69 82.40
38.10 94.50
30.63 13.57
21.37 32.89
26.86 25.10
98.33 34.81
7.04 8.54
71.56 21.41
28.09 93.12
21.71 94.92
90.73 77.48
37.55 66.97
53.60 73.46
20.20 82.34
24.76 31.83
55.39 18.25
42.96 52.19
10.48 0.74
31.55 78.59
17.59 21.55
16.56 8.88
89.79 58.92
92.19 1.85
52.50 0.37
74.56 31.16
37.83 72.96
8.61 71.77
19.30 1.04
62.72 95.84
4.00 38.19
57.23 89.67
70.93 54.43
59.08 50.62
2.68 75.01
21.24 84.46
79.28 95.07
67.63 62.39
82.63 90.54
45.93 20.30
40.31 45.64
29.71 82.03
97.41 54.26
72.22 71.42
10.02 86.64
62.16 0.41
32.68 77.61
65.17 54.16
49.01 17.84
84.08 91.47
38.33 9.19
68.84 72.31
33.60 46.96
71.30 20.39
3.68 8.09
39.88 64.84
90.37 39.42
49.77 48.57
48.89 11.02
98.05 27.59
85.59 71.81
55.37 84.76
43.58 77.13
41.34 36.60
74.48 6.92
18.22 99.85
47.95 16.21
90.76 14.89
8.57 76.54
2.28 7.73
75.14 84.90
83.80 29.14
64.16 44.23
36.72 8.05
17.23 18.43
59.89 67.06
65.47 13.44
30.18 51.85
21.76 17.38
18.46 34.95
58.10 67.73
5.65 83.43
38.58 8.11
88.09 13.77
41.85 74.05
72.78 55.42
10.48 87.07
70.47 16.08
58.29 1.59
98.22 25.83
67.89 57.59
48.40 78.84
31.63 72.97
44.11 85.56
30.45 47.43
83.84 42.54
49.26 46.23
73.04 71.03
46.98 55.95
68.14 3.36
47.14 51.39
2.46 40.42
86.21 44.32
22.62 99.92
11.83 17.85
54.59 67.10
68.90 73.90
96.91 94.41
9.10 84.37
1.15 28.61
93.54 58.20
77.03 4.77
78.27 17.88
37.97 84.57
75.58 71.56
95.03 45.85
64.73 51.33
74.82 24.09
58.07 47.61
98.91 89.09
34.54 88.69
37.71 52.08
59.12 15.10
67.87 90.45
42.54 34.45
38.02 21.32
96.56 56.45
41.09 93.20
43.70 72.50
97.84 65.86
67.81 20.58
83.81 83.71
77.51 69.17
46.93 91.86
69.72 41.39
27.68 80.37
33.12 92.85
67.02 50.11
26.87 67.26
56.27 94.04
55.57 19.97
5.37 29.70
68.71 28.40
8.09 94.02
34.32 23.53
54.14 83.56
55.84 47.72
79.96 20.26
39.83 78.67
27.09 87.94
22.99 98.61
30.26 63.18
48.87 77.12
99.98 38.74
73.94 45.09
76.89 55.30
0.16 9.94
21.56 44.27
3.05 3.84
99.91 31.04
58.57 66.72
41.62 42.55
42.10 95.82
74.62 47.19
48.12 18.11
82.56 60.97
25.08 70.59
80.11 84.67
26.12 6.52
61.62 37.89
64.31 95.86
68.85 58.57
76.62 99.55
51.21 29.75
79.84 34.09
73.90 56.83
86.25 73.84
63.79 59.16
87.29 59.71
26.39 32.30
80.29 32.81
4.88 18.06
15.58 29.62
67.88 89.28
75.60 35.09
54.48 35.41
23.59 98.63
5.80 29.84
48.40 76.40
99.60 46.76
98.98 30.36
37.24 64.33
31.02 65.44
46.73 2.37
75.58 4.18
89.96 27.80
63.24 34.20
20.00 23.76
17.49 81.94
87.32 7.30
12.88 16.96
76.04 98.54
37.90 3.66
94.12 56.53
12.93 51.94
46.18 78.36
83.49 49.78
47.69 82.72
53.12 88.93
80.36 81.19
75.65 51.20
76.95 35.81
44.21 28.82
10.29 36.15
10.90 78.70
94.75 21.66
48.95 0.83
95.69 70.73
31.29 15.64
57.41 50.58
61.72 44.99
53.17 19.31
41.93 62.29
73.61 86.56
70.73 67.77
13.73 27.68
59.58 1.01
53.43 30.93
19.37 11.06
78.15 86.40
57.51 2.95
56.02 36.88
83.02 20.42
50.34 63.99
86.09 13.05
37.58 47.81
64.43 28.11
40.42 86.62
51.29 71.47
20.61 48.00
86.82 6.60
23.59 97.41
95.17 25.43
29.17 12.35
62.14 24.56
56.77 12.14
26.81 20.35
99.27 83.06
73.17 37.74
9.39 94.39
65.47 27.34
38.75 42.92
85.85 56.98
23.62 99.72
53.34 47.11
46.18 84.75
45.94 19.42
69.68 57.05
45.12 18.53
87.76 99.73
86.96 69.41
32.85 38.90
28.92 73.66
6.97 47.03
46.41 78.28
46.66 7.14
83.73 43.46
47.84 21.52
98.19 28.23
7.27 78.56
70.00 76.11
64.46 68.75
82.21 32.74
98.98 32.96
7.62 25.38
0.15 45.16
12.78 60.44
23.92 42.56
52.98 93.12
27.51 12.49
2.39 63.12
8.96 32.76
3.26 92.99
40.32 49.15
49.30 96.73
96.03 45.16
63.29 27.21
9.80 29.84
77.22 99.09
0.17 83.47
53.53 1.37
55.46 50.76
62.03 13.40
1.60 96.75
97.45 25.11
79.66 94.20
13.35 53.72
8.85 66.15
35.40 88.16
29.22 34.14
80.27 90.27
73.97 56.50
67.29 23.95
71.14 54.94
80.79 60.63
90.66 89.98
43.13 38.44
41.86 54.65
95.12 8.06
81.96 97.69
20.41 23.47
93.26 51.00
95.08 98.50
10.66 92.17
33.62 37.32
97.45 91.10
90.06 70.02
0.17 67.08
89.15 92.94
26.57 94.57
31.67 19.00
47.71 94.87
12.34 13.16
95.68 14.56
48.99 23.06
1.01 5.44
98.75 23.47
67.82 14.72
33.00 82.62
85.64 59.24
98.43 59.02
90.50 59.25
72.00 24.66
88.86 20.09
91.31 72.53
19.66 77.88
15.59 76.05
60.56 56.10
97.38 12.50
85.77 81.95
63.04 2.15
0.89 19.76
34.38 3.69
42.93 43.06
7.42 75.18
36.60 69.40
5.65 43.58
38.17 16.73
15.99 64.17
92.90 96.91
3.76 56.49
68.88 68.90
16.90 53.38
42.63 73.10
9.56 45.87
73.02 95.92
61.17 42.59
86.03 83.71
90.92 34.36
26.16 67.26
35.67 21.47
92.78 9.83
71.88 18.90
46.96 27.62
8.80 40.31
28.18 95.68
53.06 88.08
27.45 60.15
82.62 23.36
25.92 3.51
46.93 4.37
41.12 33.41
47.38 9.61
21.27 62.44
54.09 6.85
10.29 76.65
14.72 93.74
41.10 70.82
92.57 76.90
57.91 10.10
27.68 66.39
35.85 34.11
76.96 87.40
43.95 65.89
93.68 44.85
22.83 94.57
7.54 32.36
24.87 81.38
91.41 40.68
20.77 20.12
48.19 91.79
98.77 37.61
56.88 17.48
29.63 89.06
5.09 29.90
53.04 27.05
51.53 38.04
51.10 61.63
71.17 7.77
61.73 68.77
29.07 38.64
49.01 45.39
57.72 75.94
81.03 53.31
14.82 72.12
18.88 32.67
12.24 86.30
76.59 83.08
58.73 11.85
17.71 41.49
64.70 57.17
37.60 70.32
86.78 46.52
47.91 73.92
14.02 83.83
11.43 33.34
39.69 15.44
21.69 35.43
93.99 48.62
90.40 76.59
45.87 62.83
94.72 97.91
67.06 34.46
95.30 1.04
41.89 85.84
12.86 91.50
53.28 79.49
21.07 99.84
55.36 53.50
11.07 86.44
39.19 51.15
16.58 97.12
60.52 61.55
57.78 61.12
1.67 35.09
14.09 10.35
38.51 73.70
86.67 31.40
78.51 16.32
56.01 4.49
96.84 94.79
44.55 66.65
84.08 8.54
6.43 44.28
22.74 92.03
67.48 41.98
97.26 21.52
86.21 35.51
27.61 66.21
97.08 58.86
41.64 29.65
39.56 54.54
17.64 85.29
53.40 15.02
97.25 1.36
57.16 41.15
7.64 0.85
34.93 66.76
92.71 21.40
76.04 72.66
42.65 87.59
85.85 95.26
6.51 93.42
87.09 41.72
78.89 60.10
70.92 73.64
89.89 32.43
46.52 53.43
95.90 73.31
61.86 78.19
11.70 54.27
69.65 74.56
92.41 67.23
70.85 58.38
73.36 87.06
90.85 23.35
61.93 3.43
35.61 75.29
56.97 59.97
28.22 13.43
39.65 42.00
10.13 22.30
20.99 37.94
21.15 6.20
78.66 16.41
15.54 70.82
71.49 68.26
92.97 93.99
78.48 93.92
41.27 75.71
97.62 11.16
45.13 41.52
31.46 79.17
54.15 39.59
79.57 66.98
33.43 74.71
89.86 92.14
80.68 33.06
5.48 33.49
57.82 70.64
71.73 37.59
46.81 15.54
23.85 56.50
81.05 33.38
43.24 60.47
9.35 22.71
92.69 33.43
8.97 53.81
29.40 28.63
18.17 29.53
58.00 58.15
50.25 88.94
18.93 22.31
44.70 59.14
89.51 36.26
66.51 71.97
93.17 47.68
42.03 98.10
24.51 5.09
88.66 44.72
57.61 65.81
15.61 7.64
83.05 97.27
21.78 82.22
79.66 7.07
29.28 54.78
47.21 36.91
86.87 50.26
0.97 88.17
39.53 15.88
21.74 6.13
19.64 55.60
12.85 91.15
33.17 75.52
55.07 79.35
77.78 49.02
52.56 94.80
37.44 85.77
45.10 3.15
27.68 27.43
98.17 17.87
0.53 37.43
90.92 9.03
86.04 18.43
76.39 2.33
14.51 24.49
67.21 2.62
96.08 55.37
61.00 27.99
0.15 38.39
34.36 44.83
78.41 41.89
70.84 90.92
9.41 67.05
39.71 22.21
24.41 41.87
13.49 14.41
13.49 14.16
40.64 43.25
65.69 47.65
79.40 60.23
93.50 27.65
66.82 22.00
96.35 99.94
65.81 50.35
25.71 5.49
66.55 19.67
23.72 53.96
11.08 51.45
76.37 0.86
20.06 12.30
58.15 87.72
15.08 96.72
79.81 34.30
94.95 97.28
91.71 96.30
77.50 43.36
92.89 86.57
26.59 2.83
68.35 23.97
47.77 30.45
38.81 68.90
78.35 67.47
80.26 6.14
36.11 22.36
65.27 76.00
62.12 57.22
31.51 65.19
1.08 41.12
9.53 39.07
42.81 25.19
24.15 35.66
46.52 23.75
67.50 69.23
37.35 22.22
25.20 83.51
65.98 16.47
89.85 2.02
74.87 71.75
81.52 1.20
40.21 36.93
24.33 68.09
78.47 49.60
93.43 91.18
34.09 71.02
2.94 69.85
97.50 22.75
7.54 14.71
59.96 19.94
46.38 98.69
91.58 98.27
51.73 18.21
13.69 85.08
45.10 39.51
41.15 71.42
39.68 71.19
67.70 84.62
29.83 93.79
64.73 14.58
94.44 37.71
80.95 69.20
4.09 90.02
20.43 5.64
91.13 44.60
5.95 28.89
95.94 45.99
9.93 57.43
13.87 51.15
55.33 40.70
62.89 25.00
5.88 72.83
85.12 3.90
7.35 7.32
8.26 53.38
57.24 52.41
59.68 78.33
94.52 56.76
47.00 92.18
21.34 99.69
29.60 90.04
48.98 6.58
13.50 25.27
40.27 14.07
26.42 72.76
37.29 57.11
2.42 44.15
99.31 14.10
22.46 35.47
31.07 34.68
58.45 78.14
81.20 22.42
87.23 26.63
60.62 20.99
62.90 98.37
51.90 9.58
82.34 45.52
71.60 33.20
24.12 79.14
39.73 89.82
92.96 53.43
64.58 26.98
16.37 22.45
84.91 83.27
69.37 17.33
34.98 87.02
90.78 64.42
91.52 96.41
33.99 33.84
38.62 93.49
17.77 51.24
41.46 46.30
57.17 48.60
78.74 3.28
9.38 91.89
46.87 61.69
14.28 5.66
4.23 68.24
29.37 9.05
90.79 80.69
81.30 7.77
92.46 88.99
18.67 37.92
80.01 34.55
86.55 44.68
50.25 90.72
73.67 96.34
39.11 52.75
46.26 23.88
43.22 96.75
12.98 16.14
0.63 94.18
45.38 79.54
34.83 0.38
87.76 61.71
95.00 51.63
28.49 38.06
17.27 68.71
4.29 8.43
37.39 60.64
78.16 0.49
91.78 37.17
67.46 48.83
0.42 89.45
67.91 93.84
3.57 56.70
78.68 53.46
46.13 28.44
96.25 62.22
24.47 47.96
71.78 47.08
95.58 45.63
37.16 62.60
35.42 60.05
6.93 10.05
24.56 76.93
12.47 5.39
7.92 46.86
81.51 14.76
15.11 82.92
45.27 60.54
28.34 67.45
44.54 35.45
34.65 21.23
21.08 78.52
50.83 51.54
3.68 95.86
40.64 74.57
39.01 21.18
54.81 40.15
11.55 22.10
39.23 86.93
68.22 75.74
52.31 78.68
60.03 63.96
53.78 27.71
69.93 42.57
50.79 67.06
68.46 96.23
97.57 11.57
9.34 3.21
86.93 68.15
54.20 39.45
32.80 52.06
25.82 40.55
46.36 14.00
40.08 44.27
22.33 74.96
56.50 12.47
81.21 31.17
95.26 11.09
91.36 90.98
38.49 29.67
72.33 91.45
73.07 36.13
49.26 23.79
19.34 46.01
36.04 90.54
97.26 2.67
71.09 11.54
21.14 81.68
38.26 31.82
23.92 55.96
81.29 4.35
25.97 94.99
29.35 25.66
14.74 7.25
18.72 71.82
82.05 96.54
15.41 0.58
84.53 75.40
64.44 92.78
17.38 22.55
0.54 63.96
70.63 66.51
76.01 66.70
1.87 8.47
6.73 99.83
71.08 65.65
50.28 98.10
23.86 2.21
56.24 47.80
55.02 1.82
92.44 84.70
62.00 15.76
40.65 0.33
99.86 78.63
26.79 34.19
21.15 38.84
55.52 39.65
83.64 10.87
34.19 84.69
58.57 97.84
4.71 83.50
72.44 13.06
30.06 88.77
54.11 28.11
77.62 10.94
15.51 77.93
54.67 5.37
88.24 20.99
80.23 70.65
6.90 60.55
21.06 87.67
44.20 7.85
71.36 20.00
15.73 2.30
13.88 48.72
7.95 50.07
51.31 77.52
99.98 99.05
70.79 15.88
54.18 50.71
59.09 86.84
71.39 55.75
93.90 66.49
25.68 85.38
69.73 22.23
50.24 19.34
9.24 84.93
68.92 15.45
29.06 46.89
87.92 46.10
20.95 71.44
44.21 94.79
32.90 16.00
59.55 20.06
94.59 85.70
18.70 57.44
1.68 36.23
58.36 91.44
32.04 56.37
27.80 21.84
63.76 79.69
11.89 50.18
32.41 11.46
15.99 91.09
33.31 92.03
55.42 36.10
53.43 96.40
39.91 37.61
23.41 25.29
56.91 15.79
69.63 21.14
63.55 45.22
46.66 47.56
74.31 49.52
19.05 14.38
28.62 37.12
64.10 68.48
11.22 67.01
98.61 97.39
42.73 88.60
85.17 92.97
82.07 57.54
1.74 15.46
2.17 1.92
20.73 94.16
32.86 36.09
3.25 61.48
90.40 80.78
5.49 64.05
72.16 17.30
28.59 86.53
54.06 97.28
22.49 66.32
28.71 8.59
33.98 45.85
32.25 42.35
95.96 61.21
91.06 90.11
12.03 9.60
79.83 87.57
12.37 29.62
45.64 98.89
1.82 39.15
33.51 0.31
41.63 92.76
28.69 43.07
89.39 82.70
67.10 58.60
36.17 47.94
6.76 73.82
94.23 28.93
0.61 12.81
12.55 20.33
22.58 86.75
98.09 63.19
16.84 38.57
91.57 89.60
58.82 71.86
52.11 26.99
93.74 88.55
0.24 33.95
61.17 46.46
1.46 94.75
26.17 38.68
10.87 71.40
20.43 63.73
64.38 95.39
49.32 41.55
82.28 18.17
54.74 23.87
76.93 20.33
17.27 15.06
18.32 90.80
0.76 34.71
73.19 56.40
10.49 68.23
62.49 55.19
6.28 24.67
18.45 2.66
0.42 43.13
58.90 76.09
7.17 17.81
56.87 99.25
36.75 45.43
12.75 78.72
26.81 45.91
89.30 92.00
81.72 87.21
94.57 5.60
99.57 64.06
0.14 33.74
75.49 95.69
99.28 6.46
48.76 2.58
40.55 71.77
89.33 57.14
10.29 85.76
5.76 66.77
81.97 70.38
26.08 60.58
89.58 78.98
37.93 86.64
91.46 4.91
68.04 94.44
1.60 36.36
96.28 60.70
15.44 45.71
9.13 54.57
74.56 54.85
57.92 60.12
38.11 23.17
45.99 91.38
42.57 25.21
2.93 22.87
84.32 72.82
99.44 30.53
5.67 8.57
77.84 46.59
58.37 86.75
8.08 94.26
62.81 62.10
5.58 32.24
71.10 63.13
63.85 82.87
59.83 74.08
86.46 27.95
33.68 78.66
64.88 56.87
16.56 95.17
6.04 42.43
86.33 96.24
29.30 16.63
40.03 47.46
1.98 6.50
44.79 23.15
90.46 28.77
5.25 76.10
82.13 56.49
68.53 64.45
23.15 77.24
75.63 92.38
93.93 51.23
77.98 47.32
41.95 21.42
60.90 10.63
6.17 31.32
71.80 96.48
20.37 39.48
97.26 20.20
97.06 26.28
36.50 88.06
23.20 74.83
15.79 88.02
31.85 53.54
94.16 77.02
41.01 8.04
13.95 94.32
66.47 51.87
24.42 13.68
10.27 34.51
56.99 25.70
24.08 34.02
94.82 66.16
11.01 22.55
72.76 86.44
17.46 36.07
71.36 10.43
62.07 7.37
14.92 85.85
50.64 98.51
86.11 98.70
19.39 96.78
97.56 78.87
32.38 45.48
93.78 26.35
25.74 51.94
78.75 67.41
34.64 35.75
80.52 73.28
11.27 89.44
79.21 29.63
87.34 35.67
11.10 38.56
12.79 60.51
31.30 58.15
18.84 2.29
33.86 56.35
88.26 11.15
19.52 70.75
48.15 60.12
47.30 33.05
29.57 81.28
18.80 74.95
86.05 39.26
17.96 57.35
66.45 40.77
42.44 82.49
13.38 91.22
81.33 42.65
68.68 97.84
79.11 57.53
66.82 19.83
62.09 5.43
28.58 56.56
42.73 78.08
90.69 5.32
74.31 33.44
25.49 25.96
0.08 84.65
72.63 9.71
70.67 8.19
37.31 14.79
2.74 57.44
35.94 39.77
92.29 31.28
83.67 45.13
41.35 29.90
97.15 12.06
21.71 9.06
70.29 36.67
25.25 49.08
28.66 55.89
50.78 96.49
31.03 97.40
8.80 68.94
28.86 28.56
40.95 27.46
93.68 6.26
65.49 14.88
84.81 49.53
77.59 80.49
8.29 95.78
62.48 86.41
74.38 45.73
7.44 22.89
55.45 7.13
58.04 36.01
25.96 99.35
76.78 39.17
84.01 85.86
99.26 55.64
35.35 19.28
88.68 92.90
27.12 81.77
54.29 17.25
54.52 32.13
71.48 77.20
45.95 59.51
36.26 64.35
62.37 96.85
5.92 98.70
84.46 63.15
22.00 73.41
63.91 42.23
65.07 0.40
90.99 28.59
85.66 94.81
75.00 59.33
65.32 20.87
0.51 32.44
43.04 46.86
51.86 1.62
64.63 54.27
54.62 25.71
42.96 10.83
85.86 18.43
16.54 64.43
32.93 60.79
35.84 24.10
93.74 67.58
51.26 28.23
23.79 7.35
49.27 73.13
99.43 8.33
61.75 38.29
55.83 46.71
72.85 11.40
0.60 66.36
15.48 18.83
2.79 35.34
73.14 38.76
69.13 19.95
15.35 23.57
70.72 26.44
9.44 1.90
52.81 46.54
15.85 84.14
90.99 12.95
56.63 30.17
41.35 75.21
82.61 99.64
75.30 6.50
41.63 99.11
78.35 52.43
62.62 42.70
68.93 12.96
93.82 34.89
54.82 57.14
50.67 49.41
50.77 14.60
2.46 28.69
11.41 20.57
31.00 77.23
44.70 66.46
55.71 95.20
70.10 19.14
43.00 20.67
97.31 65.82
51.04 74.88
9.26 81.29
63.74 53.11
1.38 54.16
65.03 42.24
37.03 12.44
90.22 99.31
86.26 1.04
94.80 34.17
10.35 90.32
20.70 46.90
43.56 94.98
27.65 30.64
88.40 57.25
13.91 8.92
9.20 17.57
1.70 28.18
78.33 5.20
22.06 58.50
71.03 71.47
11.97 68.96
57.97 95.00
90.40 72.69
34.17 93.39
7.69 55.44
20.40 91.37
3.71 84.45
48.61 13.34
67.69 76.54
89.20 76.16
76.09 38.17
27.22 75.26
32.39 93.36
52.07 51.37
95.29 69.27
34.88 87.09
81.15 93.36
77.01 88.07
94.87 12.27
11.16 48.03
88.20 23.24
68.19 52.31
94.39 35.93
87.13 81.59
93.17 16.68
68.44 80.19
48.19 93.28
10.56 86.72
6.57 76.46
6.53 15.64
56.61 75.56
68.22 43.78
0.25 17.92
48.78 23.43
36.04 49.45
10.25 98.73
73.40 58.81
45.61 90.30
82.92 57.01
99.78 92.79
44.30 77.91
24.13 5.79
88.72 19.91
18.85 48.04
59.36 46.62
32.96 13.32
35.93 21.81
36.90 92.65
2.25 13.38
24.60 88.49
6.26 5.74
55.36 6.20
71.64 50.02
51.36 54.48
76.83 62.73
31.25 64.80
30.67 73.27
66.72 92.41
56.81 84.13
39.89 57.24
71.67 47.84
2.35 78.52
83.94 18.37
0.48 33.51
59.57 65.21
21.44 13.36
15.31 63.90
99.20 14.48
7.93 93.22
31.99 36.00
60.70 17.46
64.02 31.35
46.67 28.06
4.61 45.23
90.03 75.72
26.72 60.90
37.03 80.56
2.19 90.33
56.46 57.75
71.66 96.14
65.30 33.40
94.96 3.27
70.90 90.55
12.59 6.97
88.89 53.96
57.83 8.67
87.29 99.51
89.40 10.32
2.06 24.19
9.51 84.95
64.09 92.19
25.43 46.05
19.74 44.23
95.06 87.55
68.66 46.61
96.16 71.19
32.50 21.34
73.45 43.51
44.39 45.76
0.98 47.43
75.52 31.13
28.16 48.37
50.60 40.10
0.97 3.11
74.17 67.40
94.40 6.35
23.66 93.41
32.05 67.45
71.05 45.67
84.04 33.07
69.96 84.35
35.98 98.58
13.71 58.29
9.05 97.21
78.38 99.04
66.21 50.10
58.12 11.67
23.21 65.92
37.16 89.10
15.83 40.23
86.70 75.90
25.13 55.47
0.18 16.77
12.40 83.57
6.80 71.55
86.27 54.23
70.29 50.43
74.55 37.33
14.54 32.24
32.30 87.22
71.97 78.84
28.20 77.33
27.81 73.64
16.99 37.82
85.44 70.20
78.47 74.16
94.04 32.05
43.76 99.79
6.34 11.66
55.41 37.52
91.40 96.24
35.55 45.58
84.04 48.99
28.34 5.80
79.41 65.93
41.78 10.93
56.69 46.93
73.40 85.16
9.15 27.93
22.46 20.36
80.50 24.56
25.34 3.63
16.37 44.45
17.22 82.70
45.48 75.01
53.83 78.20
56.06 64.77
33.41 70.93
4.63 17.40
11.17 47.82
48.00 58.29
66.73 22.71
17.83 75.13
67.76 90.11
83.32 65.24
24.53 50.73
42.29 80.16
80.36 35.27
1.14 14.36
37.33 45.89
38.27 28.12
84.28 42.79
45.01 47.69
7.80 59.97
57.33 67.10
58.67 58.81
30.13 51.57
27.80 76.59
52.16 23.31
84.68 77.36
71.95 59.81
3.74 0.13
76.52 11.89
2.87 59.95
55.41 25.26
74.84 78.05
14.25 33.56
53.04 10.88
3.83 44.18
43.63 1.88
70.98 48.03
72.34 2.32
95.77 69.86
18.12 47.73
72.90 19.47
38.10 1.93
17.26 23.27
95.19 80.30
38.50 70.56
13.62 36.51
33.80 21.17
73.38 85.31
56.51 76.68
10.98 38.11
5.77 44.82
79.86 4.35
76.09 77.30
62.48 0.83
67.04 36.86
4.82 65.91
52.49 76.32
59.79 46.69
54.62 0.56
85.06 46.54
84.93 1.87
88.77 34.55
17.18 36.38
49.07 83.63
40.52 67.46
73.41 82.57
98.27 52.36
35.14 39.59
30.06 69.04
33.21 89.03
10.56 67.42
85.71 42.40
8.97 33.50
55.97 95.52
36.78 69.35
22.05 51.80
95.28 43.71
50.11 45.67
62.41 76.63
97.56 84.98
43.65 81.78
85.57 69.49
86.74 16.57
61.70 84.62
43.34 22.37
21.16 16.61
68.76 13.98
13.96 57.16
90.60 56.57
93.61 86.63
27.64 26.62
49.60 99.01
23.53 86.29
97.20 25.20
83.24 2.49
90.78 49.49
68.79 16.55
33.49 25.25
4.37 41.49
30.01 26.04
92.15 80.07
25.70 10.06
40.23 62.97
83.63 45.21
70.89 45.00
44.29 28.23
4.34 34.64
93.42 33.57
56.86 93.37
46.89 0.56
16.88 45.07
71.72 52.64
91.35 78.89
94.13 17.98
50.88 33.50
29.59 68.49
5.84 34.88
22.09 54.94
25.79 14.29
75.36 76.49
47.22 84.81
0.40 43.38
50.97 79.09
48.25 72.38
9.69 54.90
67.20 19.99
51.39 30.77
5.64 99.11
38.24 73.38
94.83 95.85
8.48 99.35
37.14 48.32
48.26 47.45
50.90 11.66
57.15 41.11
2.18 42.06
76.92 64.02
47.83 3.77
40.63 51.01
36.42 21.96
35.12 91.59
60.31 94.67
91.17 66.85
56.30 26.15
44.18 86.22
47.12 22.18
38.32 52.78
78.66 64.45
85.15 10.61
24.32 6.30
77.14 70.05
94.36 66.74
64.20 88.54
32.76 69.97
19.69 14.58
25.66 89.87
31.28 18.26
0.56 30.93
97.62 22.34
86.18 83.75
58.49 98.56
37.72 33.59
27.34 74.35
80.90 81.98
1.40 15.41
58.15 33.63
29.44 11.58
30.53 75.60
84.08 42.95
78.28 66.79
11.10 22.07
95.24 42.10
70.98 37.31
24.04 59.30
69.32 42.83
12.39 59.25
78.56 30.48
63.79 20.30
10.62 7.43
75.58 60.86
64.24 17.99
78.16 30.60
30.69 58.39
47.07 2.99
55.17 45.33
51.74 60.62
9.67 89.22
39.05 77.05
65.42 42.25
43.29 59.34
33.80 29.63
15.01 84.16
62.60 95.42
44.64 66.39
19.82 8.10
47.53 11.10
26.05 69.39
36.40 13.24
44.83 85.92
78.98 18.19
1.07 43.82
5.81 23.89
20.88 80.35
81.78 12.30
59.63 6.33
66.12 96.18
32.83 49.05
0.56 79.98
31.13 5.26
80.95 85.64
85.37 56.78
16.75 57.06
49.84 18.40
46.38 31.19
77.64 91.68
9.85 9.70
54.28 94.22
82.56 26.64
46.27 7.13
46.96 88.72
46.45 67.74
44.63 85.48
17.98 30.17
47.80 72.72
17.80 13.56
23.44 92.49
52.99 4.50
61.06 39.67
43.48 31.17
97.86 30.75
1.77 71.28
51.06 82.24
65.68 64.82
7.92 38.77
37.92 24.87
42.40 39.94
0.37 36.90
5.50 55.61
0.28 41.09
80.57 71.38
78.53 48.92
82.28 85.32
60.14 30.69
71.58 13.78
44.48 43.94
11.70 14.30
34.02 32.29
74.69 30.39
24.83 1.20
62.23 93.76
97.87 44.65
25.49 14.80
96.23 26.98
68.98 48.80
12.79 63.71
49.96 65.49
10.35 55.79
90.59 10.21
7.38 62.63
62.42 83.80
41.90 21.77
34.55 39.44
36.77 31.13
71.76 35.10
40.23 5.91
83.16 54.07
2.12 14.12
86.93 22.63
73.42 23.34
0.81 62.48
63.72 96.80
40.60 84.70
53.41 70.70
76.83 9.46
86.22 67.58
97.90 51.96
29.43 61.55
8.51 27.76
88.03 26.95
14.20 65.73
88.40 2.42
16.84 67.35
95.20 0.58
29.39 91.55
19.30 52.25
17.89 53.38
93.12 4.86
20.59 94.62
64.27 43.63
88.26 28.93
10.83 87.49
44.93 26.61
21.08 12.81
84.98 30.56
61.89 15.28
16.75 77.30
66.33 92.24
68.36 93.03
29.90 59.96
4.12 80.26
97.95 32.49
10.85 79.39
58.59 57.49
18.51 56.64
26.26 44.54
53.77 8.09
25.10 93.22
6.58 97.42
56.02 54.07
4.13 27.65
30.41 26.14
95.12 96.72
92.00 42.13
70.92 46.06
53.07 7.61
2.98 16.72
46.91 31.66
83.64 9.50
69.36 11.57
97.10 72.66
65.25 10.93
10.22 96.57
44.16 98.86
46.77 72.44
96.74 4.61
87.52 43.11
11.61 65.09
81.69 14.11
18.73 45.56
5.30 70.45
70.76 47.63
57.72 62.81
31.24 49.54
56.46 92.25
57.81 86.65
56.01 3.09
79.75 85.06
83.41 40.09
67.29 27.08
32.99 53.45
29.57 67.87
18.91 86.57
35.10 47.57
76.85 30.96
14.04 90.47
80.26 54.52
61.02 67.66
24.76 41.60
22.96 67.13
83.02 58.52
15.85 9.22
4.43 8.06
8.58 47.02
27.39 9.66
94.81 41.75
37.11 22.67
19.59 47.57
1.29 70.66
1.65 43.26
35.83 96.73
45.76 1.22
82.24 29.60
32.56 20.98
22.75 50.50
84.01 2.70
61.32 27.92
54.79 52.53
33.72 6.04
82.37 92.15
82.15 87.84
12.00 33.00
31.20 7.96
79.11 41.70
56.11 71.60
20.79 63.09
71.81 36.92
36.22 1.10
28.76 65.49
94.48 89.76
26.44 89.14
58.17 99.15
74.41 6.14
46.16 16.90
60.86 96.01
45.73 12.03
99.36 14.89
17.58 12.10
97.92 43.80
9.78 13.60
0.27 25.66
99.66 52.97
47.97 9.51
89.91 47.94
53.60 65.97
52.82 99.46
63.52 95.17
70.71 71.39
13.61 93.53
37.98 28.72
80.99 23.72
62.44 40.87
1.37 16.54
78.00 5.88
36.27 79.93
32.47 39.64
35.10 15.79
59.06 86.39
63.93 49.77
99.42 38.74
33.75 96.70
78.97 30.91
56.78 85.24
48.01 33.81
16.88 3.22
12.17 41.58
54.26 80.49
16.75 3.52
63.72 95.81
21.61 75.07
78.48 90.82
9.43 90.80
96.03 86.33
46.31 61.14
90.77 46.74
11.16 21.98
91.33 88.99
50.39 88.51
20.21 31.27
91.09 94.29
5.89 26.55
58.92 90.13
10.38 30.69
91.23 2.64
35.79 36.39
1.25 98.81
53.14 65.56
26.20 57.83
47.21 90.49
36.28 29.93
1.65 26.65
79.97 72.38
9.76 11.48
67.54 98.30
82.36 4.67
50.76 97.48
28.96 79.49
45.45 79.16
66.98 44.55
72.79 78.59
8.37 82.56
82.22 73.59
44.97 44.35
97.47 38.39
54.25 9.74
75.23 51.53
49.26 33.00
44.98 96.74
25.84 55.71
27.62 91.41
77.84 35.76
12.19 4.82
25.15 16.80
77.47 3.46
16.94 58.29
59.71 85.02
72.12 70.94
72.61 71.91
50.64 3.56
19.13 90.16
67.38 63.35
17.40 2.13
8.30 19.46
9.29 55.37
78.04 61.16
22.29 49.38
23.83 39.46
71.30 50.90
53.41 57.19
65.98 49.59
97.24 99.97
22.89 8.78
14.57 76.90
34.06 27.37
41.13 70.56
71.67 44.73
55.71 62.03
21.14 70.76
67.36 49.78
90.90 54.66
37.92 91.21
18.58 18.28
13.07 18.85
53.83 41.58
98.26 47.28
1.64 40.73
32.48 30.96
0.98 40.65
18.16 20.03
14.01 98.42
21.34 86.33
41.61 42.27
3.44 68.32
72.37 50.07
85.09 38.83
66.81 97.74
64.31 62.22
70.81 73.06
97.25 32.36
60.66 57.86
40.71 59.52
43.13 0.13
57.16 81.79
85.94 76.14
4.04 28.79
65.40 68.59
93.10 15.97
85.35 94.09
26.56 92.70
62.45 78.45
78.23 75.82
81.60 3.84
38.05 7.42
77.45 64.81
39.68 74.51
56.65 64.38
20.45 80.53
81.83 43.24
90.68 80.26
44.27 7.88
89.96 81.04
59.28 14.98
49.54 86.92
84.64 71.45
51.83 94.83
8.57 84.85
23.63 88.15
9.84 8.06
3.64 33.93
66.21 21.63
8.20 39.06
53.56 82.12
54.95 4.29
7.63 86.71
28.52 55.43
25.49 76.75
38.97 57.89
6.68 58.74
81.05 21.28
3.62 29.50
98.41 63.22
49.05 7.54
62.43 79.22
64.61 81.61
22.45 49.84
15.92 80.15
87.15 6.24
40.81 26.44
93.59 95.56
34.46 15.91
58.49 97.81
90.91 33.67
27.62 4.38
41.17 49.03
87.30 78.88
22.33 14.57
64.92 90.54
26.86 95.21
1.04 28.42
22.47 36.18
0.45 51.37
96.26 71.78
62.64 12.36
34.88 68.52
67.70 98.61
65.28 52.82
45.07 79.32
63.91 16.24
21.92 23.95
90.89 94.78
25.29 92.48
60.88 25.92
91.12 63.29
37.08 77.47
54.76 46.09
25.14 67.11
86.62 15.66
97.82 20.40
33.94 58.66
92.47 93.52
52.44 52.08
29.96 81.17
85.38 53.53
40.11 36.19
36.35 28.71
62.80 24.78
75.84 96.47
89.42 77.32
14.56 60.81
23.50 20.03
69.96 84.41
69.14 84.87
34.89 11.11
21.69 79.92
2.31 43.21
71.50 59.61
10.98 79.23
30.77 24.74
96.56 49.94
90.18 96.56
11.18 3.69
16.54 12.61
97.65 7.80
3.25 51.51
28.05 72.35
8.28 21.74
50.85 78.97
31.50 77.12
15.94 44.19
98.27 33.78
76.07 96.44
38.68 89.28
56.88 69.77
39.25 22.61
15.88 61.51
53.40 31.93
44.46 82.09
20.94 89.37
29.80 67.61
44.26 95.59
43.74 38.14
57.21 37.11
23.51 14.11
11.77 88.09
3.07 49.41
53.95 71.54
88.41 21.37
4.09 83.03
83.95 7.16
39.83 95.11
89.91 41.39
79.21 41.37
4.09 45.86
33.48 39.20
5.52 35.36
76.67 40.81
31.87 48.34
57.60 16.76
78.23 34.36
44.88 16.21
50.80 73.51
89.31 58.98
17.34 4.13
73.37 40.94
66.53 60.07
24.15 22.46
26.85 93.00
59.67 43.62
22.87 55.40
31.42 40.61
16.83 16.96
84.06 99.92
74.98 90.99
52.41 44.40
93.17 42.87
83.84 42.62
15.07 70.27
23.28 50.31
6.57 82.64
21.49 66.14
49.13 77.19
21.09 75.05
50.93 73.60
90.86 10.86
74.53 54.11
42.34 0.84
0.29 46.49
72.08 16.55
6.56 49.93
62.09 25.48
23.04 53.34
2.59 96.01
51.39 34.03
93.68 99.05
66.94 74.05
72.04 97.58
0.38 7.63
22.71 77.14
59.99 52.96
78.78 38.10
13.00 88.78
5.56 39.65
6.66 1.82
45.87 51.04
16.92 97.81
55.27 69.17
42.69 1.36
42.89 2.79
93.32 23.39
45.17 70.68
21.81 93.18
62.14 14.01
29.75 72.38
93.34 31.13
35.58 26.11
9.78 10.98
91.54 26.78
41.56 50.20
98.75 90.50
70.89 32.51
66.30 61.50
33.40 29.21
31.11 70.40
76.21 43.20
56.34 68.06
23.95 7.83
77.47 35.48
32.32 7.97
5.78 67.24
39.25 53.10
43.47 41.05
57.09 24.38
5.04 36.90
71.83 12.54
1.73 30.26
38.53 69.40
41.21 55.67
45.01 26.01
87.95 53.72
47.91 71.74
9.24 50.32
66.18 58.43
26.99 91.79
94.90 7.96
87.77 52.60
33.89 11.75
73.78 98.99
57.71 92.10
4.30 87.11
55.83 59.76
17.10 99.73
25.20 30.35
8.34 37.38
55.65 85.58
22.24 69.82
7.45 87.14
74.58 80.05
31.29 59.85
95.57 67.48
83.95 74.19
65.42 83.87
6.74 0.06
99.64 26.67
14.56 78.23
12.19 50.54
26.31 18.77
81.32 99.24
78.77 45.94
90.04 95.85
59.95 62.77
31.12 20.01
86.37 66.49
38.74 49.81
72.72 47.93
14.86 89.26
26.25 65.78
92.06 89.87
94.99 24.44
73.57 78.16
87.21 10.75
0.59 21.20
95.66 0.88
1.20 80.95
38.66 62.29
15.36 78.89
0.05 44.91
95.35 34.43
75.19 59.18
56.34 17.82
86.81 91.97
61.06 20.79
14.67 92.06
27.47 14.78
62.93 57.50
82.92 26.01
33.51 89.07
84.25 78.84
98.73 82.52
94.02 45.89
88.64 81.99
98.56 74.44
57.43 77.43
58.22 15.05
8.59 58.85
54.99 11.58
73.65 47.02
75.39 93.78
86.17 86.38
67.89 66.96
81.20 30.02
59.14 15.50
95.24 69.83
66.69 26.22
71.57 87.20
34.03 46.46
99.99 42.83
21.47 74.67
23.58 33.38
38.66 34.80
37.09 23.97
97.55 9.53
69.62 89.12
42.81 18.85
34.15 96.04
13.71 57.44
5.00 8.48
19.02 5.44
45.41 61.84
43.02 78.75
60.00 92.36
54.36 50.20
35.83 15.53
85.72 95.93
72.25 62.88
7.95 1.74
98.54 32.28
26.96 78.02
82.96 70.35
45.46 66.00
54.77 8.28
3.52 16.96
11.77 65.85
84.80 8.12
48.10 76.66
42.81 9.32
20.45 73.76
2.27 42.48
38.38 6.84
92.44 2.38
76.96 74.25
96.93 21.49
97.48 51.25
89.41 4.40
15.17 99.67
81.46 22.85
39.77 82.14
87.45 45.92
92.78 47.88
82.44 79.26
97.41 86.76
31.58 38.03
32.56 16.59
57.60 77.18
87.97 31.17
8.40 62.04
74.08 80.71
75.27 95.80
22.41 55.20
55.68 38.05
22.42 53.07
15.19 80.52
97.27 65.71
99.23 26.97
73.82 50.71
43.03 70.99
50.04 49.32
41.44 66.52
74.76 79.99
11.42 1.80
78.17 74.55
68.81 26.91
3.53 21.87
91.82 66.78
24.32 10.76
71.35 74.31
94.07 8.80
59.71 54.53
91.74 58.09
29.27 70.73
2.64 46.87
12.06 89.29
75.53 68.79
3.06 3.91
49.42 18.93
96.95 21.92
66.95 80.55
23.50 42.05
74.31 80.53
4.20 49.32
47.50 33.46
25.47 85.24
24.92 97.52
73.10 24.02
28.95 82.65
26.03 39.08
74.47 26.20
7.12 33.96
49.50 60.50
77.11 54.76
95.65 36.57
79.28 9.23
85.29 45.41
78.69 63.12
20.10 18.18
93.77 68.98
82.31 61.27
75.02 61.46
85.83 42.35
17.18 80.06
45.22 44.17
23.66 24.33
73.70 31.50
92.59 26.02
41.65 61.00
70.60 39.43
41.22 84.59
50.11 29.90
78.42 21.81
59.87 9.31
47.57 77.84
68.33 26.08
2.17 78.38
5.63 47.38
78.68 83.73
68.85 94.71
26.56 13.33
50.73 85.84
75.92 88.42
48.87 65.51
10.67 98.16
85.86 31.89
81.12 13.24
57.33 28.93
59.64 99.63
56.81 19.32
96.66 10.48
52.85 49.14
72.26 23.48
15.24 13.88
8.92 9.95
66.83 76.13
85.95 1.43
4.01 44.83
41.33 32.98
66.12 31.77
84.09 80.04
6.51 22.29
48.07 2.54
75.77 28.80
44.66 97.64
15.67 6.76
46.18 97.96
74.16 52.91
81.64 78.67
79.44 69.30
99.50 84.23
9.11 11.20
82.77 34.81
76.13 32.68
76.17 71.39
98.28 15.96
66.32 68.00
18.95 67.86
74.58 23.83
75.21 99.83
80.83 94.71
13.70 34.13
72.20 90.98
56.61 22.68
1.89 85.10
91.77 57.69
12.87 52.61
88.98 5.72
16.02 36.90
18.07 51.72
75.56 43.69
78.72 46.76
33.73 0.43
56.02 86.24
13.48 53.28
1.82 43.12
82.65 25.00
27.03 66.87
56.02 35.42
68.66 42.55
83.59 93.17
46.62 15.30
80.36 39.59
60.84 6.61
85.86 18.82
12.42 97.68
53.73 34.11
48.98 15.90
42.76 29.49
42.47 68.89
25.06 46.15
71.10 87.53
12.52 81.94
99.48 0.86
6.82 95.57
86.37 11.26
57.12 17.14
94.08 71.44
64.23 13.77
44.48 24.22
25.15 62.52
24.96 15.14
54.69 77.13
60.78 14.43
60.76 94.07
51.93 57.59
28.81 95.45
76.92 48.10
97.86 70.41
44.95 69.78
56.64 64.66
34.69 5.30
95.30 88.34
11.42 18.17
15.95 79.02
79.88 27.06
63.93 99.75
69.54 44.96
71.86 60.32
23.26 62.52
61.79 17.31
84.90 57.74
84.53 7.84
27.34 16.63
30.99 72.07
87.39 70.26
90.63 13.58
60.63 54.25
92.04 39.45
27.71 95.31
32.97 30.14
63.51 3.07
60.42 32.38
16.17 35.35
46.98 60.69
12.50 92.76
27.63 54.52
58.88 14.47
11.92 63.10
60.52 34.96
10.81 18.05
45.83 51.19
8.08 43.22