2048
25.81 41.07
50.19 81.39
60.07 55.81
99.61 21.31
14.09 94.80
37.67 61.54
11.66 42.93
59.79 63.51
88.36 94.89
54.49 83.58
1.57 77.72
40.00 39.83
4.19 1.20
26.86 43.57
55.32 26.97
1.21 69.65
81.44 73.52
78.43 95.23
79.43 24.99
98.80 52.79
17.83 94.30
4.95 67.58
18.55 63.09
62.24 35.28
82.89 6.24
96.83 74.04
22.66 8.41
3.19 26.83
69.05 84.46
14.94 80.30
78.30 72.42
26.50 55.53
53.16 74.15
8.93 20.68
1.77 35.83
30.50 19.98
2.75 34.82
50.02 29.09
79.11 29.63
18.12 78.00
36.00 37.80
31.34 83.12
76.10 4.31
95.16 44.76
52.95 7.69
90.58 7.70
29.21 85.11
61.21 18.64
46.30 24.78
86.09 90.25
65.17 94.91
32.17 59.54
29.40 42.32
45.10 36.39
67.11 64.25
91.93 40.49
23.63 80.65
58.65 9.81
2.21 14.94
70.16 29.87
58.26 33.44
49.83 25.80
0.66 38.43
3.70 5.99
52.38 98.28
7.05 24.40
2.14 65.10
88.17 92.33
95.68 47.18
97.86 97.99
94.11 88.39
8.94 8.45
22.93 20.56
82.80 95.42
63.27 6.33
62.69 50.48
93.03 75.15
58.84 5.27
56.89 4.27
26.53 17.29
13.86 33.16
67.25 42.98
66.23 90.99
54.44 21.67
15.75 42.08
64.96 0.01
61.58 26.90
45.84 39.15
40.23 89.70
46.00 87.03
23.18 39.78
64.14 58.42
42.61 41.54
93.79 30.68
66.52 8.86
24.40 64.39
53.88 4.10
48.26 65.05
79.31 32.79
99.49 49.72
1.90 22.29
47.83 47.58
71.33 14.73
58.06 17.70
40.69 10.23
9.63 53.36
59.03 45.38
6.70 72.31
1.96 44.47
42.19 69.07
86.28 62.31
91.61 96.88
36.41 61.19
21.37 62.82
59.91 76.13
15.22 43.07
40.12 15.12
4.58 35.36
10.01 60.63
73.39 27.19
44.57 54.74
0.25 65.10
45.02 96.91
3.31 70.22
79.79 54.62
5.38 80.75
72.63 88.86
41.33 57.55
48.04 79.84
51.56 12.73
88.65 5.03
26.53 88.00
37.19 75.42
84.40 30.13
9.27 72.85
22.62 54.73
49.28 69.07
3.32 62.41
58.92 39.61
27.85 10.61
54.16 24.72
58.70 58.50
54.24 33.44
86.84 97.73
79.09 7.53
1.93 40.66
87.04 74.18
89.06 91.44
77.80 89.03
33.24 20.67
27.76 8.83
50.47 80.11
22.30 61.51
58.55 29.89
48.30 49.06
87.49 65.67
72.22 96.74
74.77 78.96
33.73 8.04
31.03 3.11
5.56 35.17
49.15 75.55
33.38 59.82
47.81 13.15
30.36 46.58
94.79 33.91
1.23 36.55
69.00 33.99
29.18 50.92
49.09 30.12
14.12 31.39
54.34 98.09
49.55 58.78
67.98 41.30
38.54 94.43
12.65 49.78
15.39 54.74
7.39 73.50
57.03 98.81
93.76 12.61
11.13 52.39
57.91 6.68
33.01 48.09
19.92 97.71
92.60 52.43
88.83 66.50
71.80 70.18
64.31 37.02
21.69 48.73
48.14 29.37
8.56 58.17
67.67 45.24
36.67 39.53
4.91 18.19
65.43 85.48
88.43 26.88
6.47 68.65
1.57 57.88
10.42 62.10
80.10 99.34
78.38 22.52
17.63 28.17
27.72 89.29
22.33 54.96
94.89 12.33
71.52 9.99
84.86 68.70
99.33 32.42
77.28 59.85
71.91 65.35
86.62 5.26
55.59 13.88
42.22 80.83
28.99 30.80
78.39 78.97
78.87 28.67
15.36 4.21
4.72 37.21
60.07 15.26
60.35 95.76
98.38 43.02
34.65 25.76
42.99 88.57
28.04 95.66
92.30 16.76
41.61 56.27
17.47 60.09
1.19 55.92
28.36 46.16
37.55 89.95
97.14 65.54
12.80 5.37
16.32 33.98
30.55 13.45
29.13 37.18
59.98 94.84
80.80 26.93
61.93 94.17
87.92 0.64
90.69 9.33
90.01 38.51
89.11 24.69
26.13 23.45
63.60 62.23
35.49 56.76
89.33 84.19
68.56 14.50
39.38 58.36
76.72 2.09
4.89 6.00
68.78 13.57
29.40 62.40
11.13 29.82
70.06 30.31
3.94 30.09
32.83 48.45
13.02 12.46
40.24 16.67
22.72 83.12
35.53 77.76
2.48 93.58
11.76 38.04
5.05 15.07
33.42 66.90
94.19 23.10
7.82 2.02
56.59 45.39
28.95 53.15
80.20 5.06
73.49 2.72
55.98 10.15
71.70 35.16
83.58 23.26
9.03 58.61
28.72 78.75
74.55 68.98
12.50 0.52
43.44 80.65
31.42 51.79
51.29 39.31
86.58 7.32
53.77 31.84
57.64 38.25
34.34 90.34
30.23 38.81
34.50 25.53
29.34 41.72
38.42 73.28
10.81 5.22
12.63 61.41
95.57 36.22
19.81 53.05
9.86 80.64
84.41 10.25
94.54 14.37
47.63 2.65
82.14 83.67
92.62 35.22
65.15 4.78
19.45 55.33
92.12 73.57
89.58 64.60
55.52 95.13
57.26 96.81
14.23 81.79
20.61 96.15
39.17 13.94
51.02 74.24
36.63 48.18
95.30 34.84
81.35 79.10
86.85 38.32
96.26 31.15
13.89 56.03
41.42 66.54
78.06 32.95
51.28 94.68
67.54 98.32
71.83 33.65
18.46 84.66
27.12 67.23
5.61 29.85
55.03 37.35
81.22 9.14
77.10 10.35
87.79 90.05
1.00 56.93
44.21 69.19
46.34 98.30
44.89 15.23
19.57 7.73
68.10 27.12
72.86 92.02
32.27 33.76
63.80 8.31
53.52 45.12
94.02 56.07
55.13 41.38
82.85 24.55
16.29 35.04
30.71 43.48
71.67 30.24
48.85 0.68
78.16 20.62
45.32 52.25
41.68 28.08
26.30 33.71
98.93 77.48
96.89 82.70
65.81 26.20
15.27 55.02
3.69 61.89
14.18 53.58
82.37 79.03
96.52 55.39
33.13 85.40
96.23 34.76
85.29 20.46
71.63 65.59
0.73 12.82
54.19 26.87
66.59 24.90
91.35 66.96
96.35 13.02
41.34 26.14
37.09 40.79
26.18 47.99
57.13 37.76
64.29 61.57
66.03 21.97
72.03 69.45
66.61 65.08
50.79 32.19
48.20 66.87
64.30 67.68
96.90 6.83
40.33 37.10
70.97 57.01
85.32 66.63
20.04 29.27
33.22 35.37
46.85 30.15
54.40 12.81
62.49 22.52
88.39 21.36
37.42 1.69
94.05 42.28
61.56 42.00
11.53 62.93
43.37 34.64
3.71 23.45
81.09 11.17
29.37 13.39
71.09 10.53
58.63 95.09
30.81 98.76
89.80 2.99
33.83 74.59
44.16 83.80
97.08 82.96
73.60 76.75
40.01 79.76
9.47 61.71
38.84 26.53
94.87 97.29
78.75 91.28
95.77 62.20
20.01 39.01
49.94 9.39
50.79 68.07
54.84 12.35
38.73 41.94
70.99 60.13
71.97 38.08
52.84 32.01
5.29 23.94
98.84 35.31
93.64 82.31
59.60 26.55
10.57 48.24
44.18 41.96
89.85 6.79
58.50 58.42
81.80 11.99
39.43 71.02
49.06 98.27
29.71 51.42
37.32 86.49
84.70 76.53
44.28 36.68
75.43 75.33
78.47 11.41
62.39 71.55
41.85 83.03
97.21 59.74
69.52 1.57
72.80 95.36
98.02 90.35
4.27 30.43
72.45 9.30
34.12 89.77
88.95 16.80
12.36 26.48
70.13 7.22
61.62 91.05
67.88 15.31
79.16 84.99
43.57 99.98
82.46 0.18
18.64 67.30
15.40 30.15
15.70 12.78
73.20 53.84
74.88 52.66
17.83 21.00
26.24 95.67
68.46 53.46
49.40 21.83
66.15 66.64
18.35 17.10
75.09 7.25
2.85 86.74
75.13 61.00
57.98 73.27
49.24 90.82
82.99 19.92
28.70 77.24
85.79 77.15
80.41 7.11
17.95 25.83
32.67 78.62
12.24 82.57
59.75 41.44
89.54 13.21
54.80 34.18
80.10 31.39
92.53 2.84
99.36 26.53
88.28 34.58
1.47 27.16
68.05 9.42
26.83 12.88
40.18 21.76
95.87 34.80
4.56 74.60
52.71 98.97
94.88 87.26
32.72 91.31
23.16 90.61
12.90 43.04
48.94 21.11
69.60 28.39
49.21 71.72
21.85 18.22
91.49 29.03
78.44 36.38
42.28 11.38
15.58 70.80
56.88 10.66
48.96 51.72
84.34 46.96
65.20 67.66
16.70 18.97
66.21 63.84
90.66 32.82
30.86 37.01
62.49 64.86
8.50 15.48
3.65 29.08
4.04 99.13
25.32 87.40
33.49 81.57
23.83 30.88
62.51 69.74
58.51 72.12
44.75 50.31
60.20 60.27
13.09 41.50
31.43 47.63
19.60 86.45
17.54 31.03
61.59 73.90
57.71 68.50
27.40 97.19
33.23 75.62
22.74 51.58
4.41 54.32
7.75 92.54
17.80 80.72
87.33 12.09
68.13 18.89
96.08 39.71
83.78 93.83
34.34 22.71
41.36 35.49
98.96 62.82
99.96 27.57
62.64 65.31
32.33 44.22
65.31 48.89
44.70 74.17
9.51 21.44
94.14 60.39
19.07 97.93
67.76 29.43
70.81 32.36
83.19 16.94
78.26 62.71
6.99 7.49
30.37 21.93
45.79 29.94
79.76 27.33
91.30 0.00
38.96 53.84
48.28 94.36
66.39 49.47
68.93 30.34
26.12 71.83
18.77 36.69
29.82 98.04
60.43 42.09
67.11 55.75
23.03 90.25
16.24 83.26
84.23 56.69
95.26 94.33
10.87 90.83
16.52 97.21
66.45 87.21
29.96 46.43
83.99 62.38
76.09 66.89
59.98 85.12
48.83 82.10
40.35 17.37
20.89 90.32
43.48 59.92
65.01 28.62
65.81 58.47
38.14 21.98
21.32 10.68
25.25 74.64
66.34 51.58
12.25 30.63
42.74 87.85
18.11 32.75
34.09 63.42
78.83 13.62
23.83 83.94
47.76 64.36
25.65 33.92
11.58 63.01
49.21 90.99
75.02 70.69
31.41 65.74
34.31 67.23
85.66 49.94
53.53 41.70
60.94 12.74
10.74 63.75
12.22 97.09
61.62 98.00
84.90 34.88
58.89 46.57
27.84 5.68
34.62 50.19
86.22 88.97
9.15 2.68
47.46 84.56
7.51 58.89
45.02 51.28
39.46 49.26
47.69 84.70
30.41 26.81
44.75 24.01
26.52 36.62
75.31 92.40
48.84 68.86
42.95 12.38
59.13 68.15
99.91 23.06
30.59 59.48
73.09 1.16
14.36 17.76
7.01 73.74
60.16 84.58
23.51 60.38
82.85 35.67
21.73 42.56
7.31 81.66
16.56 91.95
92.90 79.25
14.96 35.82
1.90 6.02
0.40 84.54
29.45 49.37
56.18 55.95
8.82 0.96
79.37 85.13
50.57 85.14
18.56 74.33
23.02 21.55
37.93 87.49
51.20 88.44
98.26 0.83
31.58 13.79
70.65 78.47
87.01 65.83
73.47 53.97
23.25 22.05
89.14 42.35
75.96 20.18
80.77 90.40
50.42 26.30
53.31 2.59
7.28 32.70
99.10 89.14
60.86 6.61
58.92 10.84
98.51 28.02
16.50 27.77
61.65 17.98
97.21 15.40
39.82 30.51
65.37 88.61
43.55 40.13
98.30 34.20
64.21 41.31
78.73 76.29
48.96 19.69
5.98 95.61
15.06 99.30
69.47 63.03
85.67 99.26
42.53 2.10
51.81 49.41
39.89 25.42
28.94 45.11
43.23 92.88
41.19 92.34
19.58 24.35
92.82 56.96
11.13 81.06
51.67 88.10
56.04 76.68
88.19 60.84
76.26 75.13
27.85 6.03
33.35 24.25
76.77 74.15
95.78 23.69
53.79 61.76
34.65 25.40
61.76 85.32
78.80 98.76
18.82 49.94
47.54 69.57
21.87 66.35
12.89 17.11
13.00 31.67
12.38 64.91
85.80 55.31
67.47 90.91
11.68 42.84
91.85 95.73
21.44 19.30
5.59 12.73
56.44 19.55
86.23 96.59
57.29 21.61
38.73 61.43
91.07 56.93
34.60 67.80
53.53 55.71
20.86 68.59
80.99 56.89
47.64 66.56
50.87 55.86
94.84 79.74
0.30 30.23
34.94 10.29
59.46 97.32
16.47 25.59
85.36 7.40
9.44 56.34
69.27 32.44
56.71 2.98
0.64 78.03
37.32 53.24
6.72 84.39
8.76 31.31
37.55 54.13
55.98 60.83
2.40 87.62
99.00 12.57
30.01 95.48
78.55 23.45
35.13 96.19
32.87 31.46
46.46 95.51
25.74 17.88
29.42 24.33
21.29 26.04
83.42 19.28
54.51 59.36
6.57 0.21
75.21 91.36
97.87 1.48
8.17 26.62
68.92 18.15
83.25 84.80
17.28 67.09
93.94 17.11
30.14 52.89
75.48 39.13
37.90 15.97
4.34 97.87
33.66 43.89
64.53 57.54
88.47 15.57
70.21 78.35
23.23 66.55
89.87 52.56
73.47 9.00
89.43 72.89
72.28 36.15
80.11 56.96
95.11 24.48
43.97 90.10
37.23 77.98
65.38 34.50
11.35 5.81
78.34 74.30
73.97 37.89
45.64 8.19
51.90 50.88
37.55 47.95
4.99 78.26
48.88 86.26
22.22 67.29
60.33 69.35
78.98 6.89
72.58 39.62
84.47 87.51
21.60 13.53
92.17 71.65
67.36 28.48
70.85 4.24
12.85 13.22
44.24 35.33
7.59 76.54
68.66 10.36
22.01 69.71
30.17 87.37
22.20 92.68
8.91 97.87
98.98 16.76
76.90 82.23
77.91 86.24
93.59 67.81
0.49 58.43
57.05 1.80
63.25 97.50
87.85 40.52
17.10 98.09
73.50 39.41
62.82 49.39
52.66 24.14
75.63 47.49
53.08 55.09
61.19 9.88
51.53 0.09
61.76 20.23
21.56 53.64
76.54 90.24
53.30 86.52
24.90 17.89
95.72 54.69
39.64 59.23
68.54 29.13
4.48 22.68
7.42 8.03
78.70 94.03
78.58 70.65
37.04 76.02
66.88 41.04
7.63 30.32
67.43 81.13
97.47 9.12
14.58 48.48
5.05 54.98
15.58 18.97
71.37 96.12
47.78 6.87
89.87 52.62
91.87 93.38
64.57 10.70
98.74 73.47
41.20 65.29
44.59 22.37
83.51 30.36
40.62 96.26
60.18 39.82
28.16 0.75
25.36 5.12
80.93 58.94
52.78 68.79
22.40 5.12
24.46 28.14
16.73 15.90
91.77 9.29
84.30 6.95
19.22 48.57
72.79 61.23
1.46 84.10
91.38 44.50
65.44 7.23
65.29 45.06
81.59 90.30
86.24 3.53
98.89 12.28
35.87 77.65
75.97 61.97
57.90 26.67
47.71 92.36
71.70 13.66
64.33 23.44
16.13 90.82
19.93 96.22
71.38 57.03
15.54 7.50
30.16 46.90
4.25 91.79
14.17 78.93
30.72 47.05
27.22 22.46
29.17 10.30
99.98 18.24
71.67 3.32
29.91 76.42
63.24 26.96
93.17 19.70
69.14 91.03
93.09 97.81
35.75 96.13
23.09 62.35
27.91 15.59
7.40 90.75
27.75 91.84
22.50 90.54
99.98 58.17
59.21 67.64
77.62 1.64
4.03 56.68
65.79 20.45
52.62 90.00
48.48 84.92
94.64 25.00
54.88 26.29
88.61 95.75
2.65 29.97
24.76 62.82
74.53 40.31
99.91 18.79
69.08 4.72
56.00 93.20
41.03 2.78
14.02 77.20
63.78 51.33
40.86 0.00
65.73 57.32
79.08 64.84
58.49 99.91
58.65 65.66
64.50 70.33
70.70 37.60
49.76 77.69
28.53 2.80
46.54 34.69
19.43 6.92
1.83 78.20
93.54 86.27
90.51 26.77
42.20 61.35
81.91 14.67
93.59 57.87
42.98 52.42
22.29 49.29
31.69 39.21
58.63 42.71
52.30 61.51
27.09 22.85
79.51 94.05
60.39 32.46
82.68 39.73
52.63 67.13
87.18 5.98
61.84 5.50
83.39 97.10
32.55 4.85
46.75 25.11
99.50 46.32
39.72 86.90
96.01 20.52
29.81 47.46
34.78 71.51
43.22 94.50
16.04 18.08
94.60 48.34
89.65 94.70
25.82 85.75
12.81 86.97
83.59 75.82
44.61 64.53
35.70 82.70
78.04 35.60
20.64 62.46
77.02 54.86
64.22 21.10
61.32 18.12
56.72 54.53
78.13 5.04
56.61 67.10
99.01 39.64
97.43 70.64
86.94 80.17
72.99 56.32
71.57 31.05
55.82 35.98
71.35 56.74
29.54 19.35
18.55 19.70
81.93 99.52
32.07 9.46
31.40 98.05
8.64 2.51
37.47 58.76
73.82 33.59
6.17 1.54
69.07 29.53
28.68 48.22
0.74 17.06
95.49 40.60
28.09 36.98
93.48 16.12
78.29 54.40
57.93 0.60
88.16 89.19
55.63 14.40
33.35 13.27
27.29 36.73
39.82 45.23
10.29 33.26
51.98 9.60
27.81 35.19
91.42 64.05
80.09 6.81
47.52 65.86
49.48 60.05
34.87 91.31
89.25 94.49
80.40 28.78
1.93 90.20
90.62 52.52
88.48 8.83
39.04 4.77
0.36 17.19
58.36 44.41
16.28 39.71
9.97 32.86
16.44 37.33
33.79 94.60
58.91 8.44
89.58 90.85
28.77 94.80
4.31 56.71
8.70 30.98
61.47 22.08
3.85 10.83
34.43 47.67
65.51 1.33
72.57 25.40
13.09 16.27
86.77 95.89
1.56 86.82
3.26 40.45
47.25 61.59
44.03 20.22
34.43 84.27
12.19 72.30
50.31 70.46
54.50 46.34
26.07 21.75
8.15 55.07
26.78 23.07
28.84 53.18
21.72 54.75
80.77 49.53
95.59 76.12
16.29 29.83
34.86 56.34
71.99 42.43
37.66 51.15
88.89 13.57
52.49 61.52
23.52 93.03
53.82 18.44
48.30 32.37
27.33 93.61
1.69 15.23
99.83 37.85
90.48 15.19
24.88 41.53
38.25 45.40
26.65 42.02
24.42 18.95
90.67 40.54
9.66 12.92
0.09 36.71
2.13 41.01
9.81 55.31
63.55 19.00
43.46 55.61
54.12 92.56
16.73 71.76
11.31 95.95
10.49 36.32
22.41 89.21
0.81 72.52
11.86 31.58
21.46 77.34
40.01 57.18
79.00 95.19
47.45 82.37
97.95 71.32
89.88 65.98
5.08 73.83
47.78 25.64
16.89 98.67
28.07 47.58
37.01 13.99
38.79 71.69
91.15 81.31
34.46 33.63
28.81 7.43
13.22 46.45
90.53 24.33
52.91 2.97
14.99 32.29
46.38 59.81
50.51 71.40
57.34 2.64
94.93 53.35
62.07 53.33
50.20 5.35
82.83 85.42
12.10 80.81
25.06 80.08
18.89 78.46
37.53 88.55
99.65 83.84
71.71 64.94
46.46 93.53
51.20 59.20
15.37 82.85
56.76 87.87
26.35 53.58
48.99 19.79
36.00 48.92
55.30 11.22
44.24 13.86
47.01 53.26
72.77 39.75
66.42 4.48
98.50 95.27
85.87 63.23
97.95 26.73
18.23 98.54
19.21 88.27
71.73 66.23
59.42 13.60
59.08 54.04
28.25 12.03
5.49 34.72
96.29 19.14
23.54 68.35
7.41 42.68
12.88 90.90
18.52 93.00
20.32 6.41
34.61 37.53
96.75 58.34
50.80 63.98
68.62 27.95
34.73 62.33
41.50 43.02
42.29 31.47
88.36 77.95
81.85 83.63
32.04 44.53
13.17 19.68
86.35 43.33
8.45 15.50
29.91 1.76
25.74 9.56
25.08 67.67
83.49 15.94
22.57 39.71
7.47 66.99
12.45 28.17
51.11 0.37
83.48 99.30
51.69 79.41
88.47 60.72
36.56 31.76
32.86 42.89
46.25 21.57
31.10 0.94
23.16 50.39
92.08 55.01
89.08 36.98
75.89 1.47
57.04 2.42
96.53 88.81
18.17 80.33
50.34 95.17
95.36 98.32
45.79 42.37
10.89 43.24
98.12 54.17
42.88 29.14
54.46 16.26
19.71 68.74
81.26 67.24
36.46 5.32
90.91 32.08
11.49 94.48
59.47 41.04
53.13 40.08
8.84 6.45
54.23 92.88
28.34 3.62
55.81 9.83
71.25 14.66
4.26 14.39
78.73 9.05
4.58 34.13
89.52 89.83
31.19 80.93
18.45 55.50
97.71 31.33
90.41 78.24
26.87 98.90
63.42 60.80
29.65 6.65
74.15 35.46
74.29 33.62
78.69 97.89
14.84 77.60
38.68 78.71
74.54 34.13
94.81 39.85
80.45 64.79
78.37 89.93
37.52 34.58
74.26 2.38
43.24 26.75
7.16 75.06
80.26 25.69
61.66 94.92
14.18 89.30
79.80 76.54
75.10 39.19
22.07 61.40
57.94 11.86
40.09 11.83
37.59 78.95
7.45 18.21
77.91 59.94
68.24 52.80
68.31 2.63
96.20 65.99
1.62 86.05
64.32 88.88
58.66 16.64
36.41 19.90
6.93 72.91
60.92 8.33
27.66 28.94
27.16 10.98
54.50 22.20
85.35 44.36
46.81 67.97
96.55 90.64
1.81 18.48
91.25 67.62
3.34 3.95
25.93 14.21
79.16 25.06
42.50 22.88
35.73 66.21
20.17 98.02
30.11 60.26
71.34 2.54
2.61 73.47
81.67 49.84
82.93 66.52
6.26 60.57
77.79 71.49
61.60 17.88
0.75 70.91
12.11 22.74
41.82 19.24
31.46 88.04
64.69 39.40
75.61 77.51
97.15 86.26
34.21 55.37
20.63 30.94
78.65 54.42
82.54 7.00
48.22 90.23
78.00 15.28
15.00 0.53
78.43 72.89
70.25 69.74
95.92 19.53
90.84 8.36
12.17 25.55
43.36 63.08
33.98 14.70
20.68 68.75
80.89 59.99
63.02 27.64
78.91 11.20
21.26 54.21
64.79 13.64
66.65 8.19
85.73 16.26
61.24 2.30
98.39 50.99
66.15 20.00
65.84 30.56
11.60 95.48
69.90 34.00
50.43 30.09
26.67 62.10
23.40 27.17
59.10 12.92
82.22 53.38
38.14 57.32
51.67 49.52
34.44 80.86
69.18 33.81
5.62 85.42
78.75 29.93
86.31 60.37
41.66 91.23
43.15 12.91
8.57 45.35
23.25 30.13
9.06 45.80
80.85 81.93
12.83 34.85
72.72 5.06
98.56 41.74
43.21 19.41
59.29 90.35
44.96 36.55
79.16 97.33
82.99 58.98
4.94 89.82
42.83 24.47
85.36 33.79
71.70 70.00
91.66 45.53
55.74 8.64
73.81 29.96
80.18 25.25
36.03 78.92
19.08 11.63
26.45 43.52
3.62 76.80
13.64 6.77
14.45 43.95
58.87 10.84
4.05 23.88
19.55 98.20
57.34 81.60
48.96 88.03
1.22 97.73
57.97 52.35
81.48 99.55
39.11 77.66
47.50 74.83
3.55 93.33
19.42 4.65
25.94 10.98
16.09 67.78
78.59 85.60
93.81 1.50
66.43 50.92
2.00 7.55
34.47 22.09
3.12 14.49
63.11 71.14
68.78 45.65
49.33 17.91
87.39 14.87
33.72 41.88
83.46 76.90
84.34 78.91
87.41 68.64
47.10 96.20
5.09 89.98
6.10 27.38
81.75 2.67
4.60 89.79
58.23 72.20
70.54 41.62
13.27 52.11
52.38 6.67
71.22 95.58
96.29 76.17
7.19 78.86
15.99 17.69
40.85 63.52
7.06 59.90
41.93 92.02
88.63 84.97
74.68 68.43
79.56 70.71
52.38 73.75
81.99 53.87
66.32 66.46
84.95 22.83
80.70 23.53
13.85 32.60
78.20 63.28
82.87 59.83
14.23 67.01
61.32 87.21
59.50 99.13
76.74 80.59
12.14 52.73
51.37 88.07
86.38 61.94
91.56 83.33
82.92 42.78
40.70 95.98
44.56 26.04
32.10 2.30
58.48 68.55
14.79 71.23
92.80 6.35
67.61 42.94
86.21 55.50
84.35 30.05
57.71 11.30
74.24 66.03
15.32 51.32
62.60 59.47
52.60 26.45
39.33 2.96
91.98 82.39
59.00 3.86
54.53 62.32
96.57 88.50
24.70 52.22
90.86 93.26
33.11 94.29
71.64 44.90
59.07 72.74
37.84 25.04
4.64 31.55
47.41 0.06
67.56 76.68
93.68 15.38
89.10 64.42
55.20 87.62
83.74 18.33
82.00 11.96
56.60 5.82
45.71 32.90
24.48 81.55
53.96 94.64
24.28 45.94
85.24 27.02
80.62 22.41
37.86 28.71
27.95 99.48
43.52 26.26
5.22 81.18
12.34 95.67
4.48 65.63
6.50 75.67
14.77 44.68
40.18 35.97
68.25 94.26
51.38 56.54
90.41 48.95
21.63 41.99
73.26 29.11
93.56 68.26
3.75 71.72
83.61 38.81
55.95 73.91
19.12 39.21
76.86 52.51
77.66 23.34
7.12 99.99
34.90 79.43
22.55 57.92
11.88 34.75
20.35 0.20
47.34 87.92
86.64 60.61
42.85 2.78
52.38 68.57
79.89 67.19
67.83 16.11
16.10 19.66
51.82 86.76
51.01 14.70
81.55 80.69
40.67 83.74
66.92 49.63
81.35 0.72
47.38 80.83
37.41 55.95
47.44 17.31
93.44 3.76
87.88 31.00
28.79 71.38
47.92 22.92
98.79 3.78
39.74 75.75
54.17 0.28
84.09 3.29
26.66 47.37
6.83 89.35
32.21 75.23
26.31 34.95
42.50 81.82
23.22 17.57
22.84 17.80
91.99 61.79
19.55 75.69
87.88 70.87
87.89 63.36
77.72 23.57
89.74 28.08
15.09 54.52
95.31 46.37
55.95 13.42
41.49 60.89
22.30 46.66
26.07 26.70
75.41 74.37
68.12 9.30
15.23 57.17
25.79 90.47
50.68 41.06
73.96 54.53
17.45 40.36
10.61 2.44
46.48 7.20
3.00 66.53
98.92 11.42
13.59 54.80
16.95 93.33
62.78 97.57
65.19 53.70
7.22 82.88
57.65 97.58
44.81 77.21
65.56 16.22
88.67 91.81
79.22 72.57
17.47 98.90
92.71 0.06
22.94 55.77
15.98 74.52
16.62 35.20
19.36 59.92
92.25 56.29
35.07 74.45
92.17 16.98
28.85 47.30
71.12 94.66
65.10 79.96
62.05 31.90
81.29 58.26
88.79 64.65
36.81 86.21
85.97 81.60
17.61 90.40
81.26 84.39
80.17 32.39
6.15 32.35
53.20 7.87
56.28 89.16
92.07 7.41
16.33 6.16
12.56 19.71
1.99 47.73
60.29 42.60
75.69 49.28
53.49 14.30
88.27 21.49
9.04 72.55
53.39 96.36
13.78 47.39
19.30 47.27
19.74 39.47
1.37 25.85
60.95 93.27
22.58 9.96
26.25 44.66
72.95 40.09
97.38 78.27
95.40 33.92
52.36 56.85
95.93 68.96
58.11 34.75
21.56 79.14
79.93 47.32
52.44 7.29
31.22 46.47
51.38 41.21
41.65 84.68
62.63 70.93
87.36 18.99
42.47 63.10
49.46 25.38
91.49 68.49
4.43 80.24
41.08 96.39
41.89 20.43
69.14 86.24
54.36 10.10
24.28 60.20
23.12 5.05
60.50 69.89
16.77 64.70
61.42 75.14
61.91 52.66
94.07 21.72
14.50 26.79
60.90 9.47
82.85 1.85
79.23 83.93
65.78 96.45
12.73 54.59
99.60 40.99
74.37 53.41
7.37 8.06
9.64 12.70
88.97 81.57
83.50 56.96
51.69 55.93
32.54 73.44
20.24 48.66
35.89 41.80
98.76 75.10
72.35 44.76
74.85 22.47
37.23 33.71
76.64 25.41
43.48 22.71
9.88 14.29
52.91 46.44
19.86 75.62
61.85 14.94
62.76 47.44
48.46 92.48
51.29 4.53
72.99 43.64
13.95 69.85
81.37 5.29
17.66 42.47
55.80 58.23
78.85 26.60
61.90 4.02
62.48 83.74
97.87 97.06
43.78 64.12
80.52 12.24
40.14 42.18
21.05 98.39
92.32 17.41
19.53 6.75
34.51 22.99
1.73 22.46
73.50 70.68
51.13 35.72
10.74 57.05
1.49 41.28
7.96 52.31
63.81 18.01
78.14 65.14
71.92 8.00
56.84 51.79
54.24 82.05
20.07 86.20
22.83 94.43
30.16 68.61
17.22 6.13
77.20 94.42
22.53 20.62
39.29 1.98
51.14 46.72
77.71 76.88
43.70 7.36
64.28 75.56
4.11 68.65
28.97 65.01
23.42 58.50
94.94 48.61
48.11 27.25
85.83 49.40
19.55 10.57
24.51 63.94
78.82 10.50
40.20 76.73
96.62 19.66
78.69 41.88
54.22 4.57
2.79 82.52
11.36 83.14
23.31 52.34
22.15 96.84
67.28 80.09
26.08 88.96
70.31 66.39
75.38 60.32
25.91 34.73
92.18 61.26
66.33 77.32
34.29 49.54
16.94 50.42
53.83 55.94
87.87 25.05
79.73 67.37
40.17 7.75
56.44 47.71
3.18 50.73
12.46 60.89
95.93 79.00
95.60 9.85
15.45 24.31
68.10 0.06
82.25 28.04
89.44 61.00
69.49 80.73
43.41 89.06
44.08 80.73
57.96 79.19
77.54 54.11
11.92 85.89
21.31 19.63
27.02 70.37
39.80 87.67
52.66 16.85
90.48 70.20
92.97 69.15
37.61 39.68
69.93 3.53
83.12 17.95
65.97 34.56
73.77 82.30
55.83 23.45
10.47 67.59
43.01 28.59
18.40 71.37
3.14 22.72
90.16 34.30
49.37 97.89
42.00 89.48
92.94 75.19
57.58 76.76
77.68 83.18
28.11 34.71
99.59 33.57
11.71 3.46
40.45 79.39
62.74 89.75
0.48 12.06
60.73 54.12
83.31 41.31
11.38 14.75
66.26 66.41
58.18 53.19
15.47 65.41
71.10 93.61
70.82 21.60
67.17 2.06
33.04 5.81
86.83 32.31
45.97 23.73
19.72 92.77
38.48 92.19
33.29 62.72
10.66 96.64
96.55 43.59
11.78 76.66
11.79 35.55
17.26 44.16
61.52 8.02
44.90 62.10
88.65 73.76
95.58 86.15
42.10 8.45
67.58 87.66
10.91 29.04
24.41 45.55
22.65 0.92
52.09 68.92
67.29 85.99
92.59 16.69
28.37 68.37
3.56 13.00
11.32 81.96
57.71 71.90
54.53 25.36
22.01 72.78
90.71 6.21
45.88 55.77
85.99 69.34
83.54 97.31
22.80 62.83
42.41 14.15
16.69 32.78
14.21 35.41
4.44 51.65
50.97 43.76
71.09 72.32
48.28 88.88
35.62 19.78
85.98 73.22
76.96 69.34
95.48 55.98
91.51 58.91
60.63 90.92
91.55 25.23
16.56 40.63
82.56 11.08
63.65 34.83
38.51 85.50
45.46 15.45
18.76 98.45
58.76 71.37
10.53 43.98
71.06 62.24
75.88 20.70
74.10 5.04
38.56 76.09
77.86 97.93
74.59 40.12
34.28 85.50
1.39 71.68
27.89 88.94
99.40 37.45
66.18 22.23
91.06 6.61
50.39 64.04
87.79 88.74
49.65 99.30
43.48 85.20
96.87 62.96
23.02 35.66
1.71 32.72
24.80 42.52
75.76 51.07
49.37 16.47
23.04 52.96
40.75 38.21
88.34 91.63
26.30 52.03
75.52 60.49
48.23 59.01
70.84 16.82
66.39 98.73
95.30 26.32
76.69 31.76
84.31 94.76
77.49 77.86
2.39 2.77
76.74 89.92
81.34 98.55
11.36 38.20
94.31 75.47
16.35 69.17
87.69 13.27
78.98 69.07
61.91 65.61
91.27 34.07
58.12 18.11
50.21 26.60
25.63 11.35
97.52 86.99
87.25 50.25
56.29 14.57
24.61 38.70
63.44 9.67
45.86 64.03
73.29 37.29
32.77 16.28
58.91 76.82
55.08 78.58
63.88 88.01
38.98 84.69
6.48 21.73
53.54 96.95
7.62 85.91
13.12 87.74
4.73 36.67
16.54 39.88
46.47 50.02
66.12 36.63
59.48 11.73
46.29 27.38
68.04 20.60
16.40 35.91
38.98 61.44
65.02 73.82
22.72 10.91
39.39 69.81
92.18 6.82
86.79 42.99
98.20 35.95
75.66 74.60
50.12 22.51
76.84 68.56
76.05 75.31
77.45 20.36
29.46 75.79
68.30 99.94
70.73 56.64
93.71 68.63
33.73 67.78
29.77 55.80
15.60 19.89
30.54 97.88
92.80 45.59
24.06 17.84
16.76 6.49
58.29 75.07
14.57 13.10
50.03 33.64
59.08 98.03
52.80 32.97
37.70 7.75
58.74 24.12
76.30 73.58
96.55 29.45
66.35 19.94
19.38 30.11
88.11 15.12
37.07 93.55
49.80 43.06
43.22 86.27
60.41 45.36
64.18 22.86
89.09 40.70
6.86 66.56
57.35 26.97
53.65 43.65
10.57 97.90
83.95 55.23
68.11 10.48
64.87 52.74
83.07 37.10
56.29 45.94
18.00 77.61
34.48 77.32
92.31 49.94
81.81 8.59
44.09 54.41
80.49 94.87
94.20 3.25
35.95 30.51
36.63 55.24
10.75 87.55
12.34 71.00
70.70 53.00
14.47 76.21
93.08 8.65
91.71 90.02
26.08 72.87
40.59 85.68
72.22 81.74
61.07 40.58
8.24 0.43
95.74 87.49
31.53 57.24
72.43 46.66
84.55 51.50
12.88 43.31
93.15 85.39
7.88 93.07
33.28 39.32
1.86 66.96
76.12 46.92
43.32 96.94
56.01 30.76
12.70 87.22
48.46 60.16
96.62 74.99
91.18 40.09
20.06 12.91
68.00 76.57
40.38 36.62
46.95 44.59
97.25 41.11
91.08 0.84
88.57 91.33
99.30 98.10
7.40 54.19
15.95 36.05
54.48 2.61
62.27 45.56
61.49 42.46
72.75 57.04
78.12 45.97
11.14 60.65
52.50 76.66
39.20 91.68
42.61 68.99
64.48 55.45
19.29 93.34
34.47 47.37
44.18 7.19
71.13 6.95
93.65 14.67
81.27 72.88
34.27 73.00
82.25 43.54
70.79 59.41
45.90 12.16
58.79 76.10
0.78 0.43
7.75 60.39
83.78 0.51
4.95 42.92
96.34 99.23
63.41 24.62
30.93 83.36
49.53 6.42
35.23 25.94
30.06 56.34
13.65 47.90
67.14 21.44
3.63 66.00
85.66 43.78
31.75 28.19
95.17 30.68
69.75 29.62
94.92 3.03
86.26 3.03
12.83 23.15
43.82 69.30
43.91 61.30
63.63 39.02
51.96 14.09
30.84 67.40
10.93 89.72
98.80 9.57
19.74 92.86
60.88 54.53
58.76 40.71
4.53 96.24
99.42 15.48
77.31 89.81
46.04 29.22
81.02 4.67
17.55 93.82
3.00 92.96
43.54 59.47
87.66 43.00
65.10 16.82
50.05 38.47
23.46 16.64
20.93 36.46
0.72 85.56
49.03 79.32
22.25 84.29
71.18 60.23
65.74 9.42
59.07 4.72
6.25 27.09
68.40 52.92
57.31 43.98
74.49 72.00
36.49 73.47
29.68 34.28
22.13 60.57
42.26 25.14
57.22 71.18
85.21 73.09
85.66 70.38
32.94 93.26
18.92 30.20
2.36 28.89
78.59 13.97
40.16 40.68
45.61 8.99
14.04 4.83