64
8.12 29.71
84.75 81.49
42.52 25.40
39.35 26.74
35.92 20.00
37.59 64.00
95.24 53.42
50.11 73.34
38.16 61.53
61.57 3.17
90.59 80.04
56.71 11.44
73.76 1.91
99.97 50.77
27.79 96.67
61.23 35.65
40.06 6.97
8.90 96.28
61.89 60.39
31.16 20.67
32.44 63.12
51.67 71.53
3.24 38.35
83.06 27.68
93.16 4.58
1.31 80.80
22.03 20.32
6.83 89.74
58.24 53.35
12.80 21.41
52.64 53.50
45.46 58.27
96.32 68.22
98.73 39.44
53.63 56.72
18.65 87.13
51.92 67.00
6.05 19.98
96.18 63.57
21.42 20.68
90.42 58.85
91.29 0.39
55.02 9.38
65.99 23.02
97.02 64.99
21.08 78.52
54.19 37.73
88.73 65.00
71.20 86.40
70.30 32.27
59.00 66.67
76.11 93.07
34.70 81.90
87.42 76.93
69.08 23.72
14.58 75.14
67.05 24.43
32.36 90.29
19.93 65.86
57.11 94.53
52.94 71.35
78.27 81.95
31.45 19.07
3.61 81.21