256
10.91 97.64
24.14 71.71
85.63 55.10
58.12 50.89
73.59 38.65
97.16 0.22
88.93 90.62
99.80 25.04
12.48 44.88
21.63 75.77
81.39 93.16
10.89 97.57
33.67 48.24
4.68 20.82
15.37 98.20
41.60 27.21
17.31 8.25
53.45 90.37
47.56 54.16
15.20 73.08
47.64 88.81
77.57 83.42
78.74 38.66
45.57 41.86
69.45 79.99
52.12 86.16
68.86 69.00
95.97 9.96
14.14 8.31
38.93 59.43
91.31 57.70
34.86 99.47
71.97 42.52
64.45 10.11
22.83 86.18
24.62 94.38
88.62 35.28
97.45 41.97
51.81 61.53
49.58 35.16
69.68 37.25
85.54 27.91
81.62 7.66
10.20 64.89
5.85 30.63
67.12 89.52
67.15 26.70
85.62 64.90
61.06 95.41
20.48 85.35
39.38 70.17
45.11 24.51
46.12 1.09
92.58 73.08
42.14 18.20
69.58 19.18
16.49 8.44
9.04 93.99
60.48 5.16
54.56 55.12
95.83 41.67
91.65 0.83
58.86 31.52
34.55 28.03
18.93 70.78
77.49 37.53
92.38 3.03
36.91 51.51
13.92 6.22
37.34 94.43
60.05 26.22
63.98 35.60
6.59 51.73
23.56 29.45
29.58 6.38
49.51 40.46
59.14 57.54
42.72 48.80
45.98 1.94
23.91 87.52
60.67 58.76
43.39 68.01
85.99 7.28
96.05 9.32
13.84 66.34
74.98 71.06
61.68 59.86
96.74 86.12
53.61 86.51
52.99 7.49
15.79 39.88
50.29 67.87
87.91 73.31
42.92 69.03
36.53 88.66
58.96 75.80
10.62 14.45
82.24 51.26
3.34 88.61
73.75 10.03
70.30 93.06
0.39 77.01
94.59 94.92
92.30 21.77
37.34 67.50
0.03 87.85
81.34 23.52
30.36 25.46
29.93 93.29
58.46 43.12
18.47 86.17
4.05 85.22
89.73 40.88
12.57 11.39
31.32 72.38
42.52 46.48
17.05 96.79
11.71 50.52
87.60 67.02
77.44 40.40
0.96 9.05
10.71 79.47
59.02 36.85
70.62 57.50
47.97 8.31
70.74 40.05
99.69 28.00
59.77 9.61
72.96 14.37
13.96 32.86
36.37 55.15
46.38 24.08
28.94 86.97
15.15 61.21
95.67 5.23
15.23 59.81
37.99 9.14
3.49 22.17
76.60 86.81
92.84 11.98
81.97 98.19
56.10 94.71
90.98 18.54
9.72 87.50
98.44 9.70
26.97 93.91
90.00 86.14
74.05 87.05
66.58 28.94
22.60 99.62
15.09 47.37
86.27 80.09
73.90 21.24
8.01 84.76
60.68 20.80
90.53 54.20
35.31 21.93
7.18 57.60
48.06 30.59
76.73 32.18
8.55 77.67
4.90 46.59
2.00 22.60
7.61 17.91
34.80 14.78
69.81 50.50
65.28 38.14
98.54 63.64
2.29 73.50
46.65 0.07
37.58 60.11
78.60 34.51
54.02 33.16
64.38 78.49
93.65 84.31
77.88 65.24
78.49 70.96
15.98 97.12
33.69 10.09
85.61 67.03
27.03 14.33
80.66 61.98
55.56 64.90
86.97 15.65
9.56 97.32
40.74 79.55
49.64 88.21
10.68 66.57
45.39 52.92
74.45 96.92
65.51 64.18
63.00 97.22
88.84 8.15
50.17 33.44
94.78 13.27
98.55 45.05
76.57 45.21
21.06 34.11
23.09 95.97
9.91 19.03
29.25 89.92
50.99 63.42
64.30 53.33
99.42 8.22
61.20 19.94
50.41 2.80
10.28 81.48
41.25 34.10
50.92 30.20
90.05 75.62
1.33 79.76
61.97 26.46
85.92 40.66
45.76 47.27
26.02 14.38
7.35 99.23
88.65 42.79
25.13 29.87
64.69 60.75
49.85 97.92
96.14 11.49
98.72 81.46
7.41 89.39
31.01 87.96
55.92 91.52
70.42 3.64
93.34 39.65
73.86 54.52
24.70 46.17
82.93 92.96
59.45 52.89
13.56 67.16
67.44 49.26
81.33 13.21
60.82 81.49
36.23 68.31
78.15 94.67
83.89 49.58
62.87 94.53
41.52 69.57
50.42 83.08
29.32 29.79
47.04 41.00
89.36 67.44
68.71 72.06
39.34 9.25
39.36 26.14
36.91 76.91
14.07 77.67
24.54 41.30
63.24 23.75
80.00 63.36
48.93 67.50
15.81 98.96
68.61 29.58
96.65 21.26