512
49.89 83.32
99.45 13.15
29.77 8.71
88.48 20.20
42.29 75.19
70.55 31.54
0.89 25.69
89.45 32.47
83.60 95.56
9.46 12.85
26.66 32.61
57.73 63.60
29.97 7.82
0.25 35.48
15.57 44.93
0.33 54.51
7.53 48.68
21.00 99.34
97.63 45.83
22.79 95.12
74.89 69.55
45.68 8.23
59.06 27.05
98.53 90.23
42.42 2.54
53.83 86.57
88.25 39.07
66.73 95.55
55.54 23.21
91.84 96.53
39.64 9.25
27.38 59.46
51.58 67.51
47.61 17.60
15.13 21.34
48.13 55.14
76.31 53.36
26.08 33.47
96.82 5.11
28.43 14.15
95.05 44.46
96.62 59.68
67.00 73.57
13.41 69.79
43.73 10.30
1.56 78.15
29.88 83.77
29.08 59.82
42.61 9.10
97.28 8.25
98.90 32.12
77.77 83.34
53.22 70.19
96.05 48.81
44.70 0.06
63.99 3.76
73.87 8.61
80.51 83.84
90.02 78.66
41.11 63.89
62.75 9.92
97.03 49.21
84.31 27.75
67.33 95.46
68.82 84.79
28.59 76.42
50.64 68.56
73.61 65.62
86.49 60.14
12.13 58.26
16.37 93.05
59.62 35.01
71.49 14.00
78.18 97.28
25.10 96.04
74.20 34.16
72.73 98.44
90.53 99.01
93.88 32.68
35.45 53.63
12.82 93.78
49.05 89.00
36.72 54.60
6.77 86.36
8.04 60.20
75.99 13.70
79.01 47.79
57.45 41.08
16.29 16.38
17.56 9.06
74.47 89.11
93.59 82.71
26.76 29.34
64.56 31.62
86.13 79.10
74.24 60.26
36.48 6.06
21.80 50.69
92.65 85.59
23.52 67.92
65.52 26.70
82.52 77.54
89.21 50.98
94.10 87.04
36.37 26.74
44.60 36.97
52.57 56.63
59.19 95.94
7.01 78.27
89.98 90.43
44.72 74.45
87.79 39.34
53.55 10.22
67.10 29.37
56.95 5.63
40.55 83.19
23.26 9.08
34.48 22.64
42.19 25.27
65.19 94.32
23.77 72.37
99.56 61.14
15.92 1.38
82.14 84.70
58.51 2.36
65.67 23.69
88.86 91.14
75.48 36.22
43.87 63.15
81.53 26.15
32.40 9.60
85.86 50.85
20.43 32.48
69.89 63.41
79.39 42.83
18.08 18.00
39.21 32.77
51.53 66.95
23.50 3.13
56.61 62.72
72.12 46.97
81.23 7.71
93.41 61.18
48.11 52.36
53.94 69.64
62.72 16.29
20.72 91.46
14.83 22.79
48.38 57.85
31.25 7.25
4.57 17.66
97.89 57.99
15.81 44.43
54.08 97.75
70.92 78.59
7.98 35.01
23.77 39.38
78.44 50.39
12.76 73.08
10.34 46.46
77.91 40.92
36.66 27.79
82.07 85.88
45.31 84.16
9.97 65.80
9.07 92.06
0.74 61.23
21.66 94.93
26.97 38.11
56.32 0.99
55.57 24.61
96.84 57.37
6.61 11.10
92.09 9.20
5.57 45.12
51.38 73.72
64.88 50.50
19.63 97.17
43.38 93.42
47.69 48.38
72.57 90.33
76.04 85.64
32.96 56.11
42.91 98.41
99.34 6.65
53.26 28.06
99.57 88.14
34.42 35.75
86.34 52.49
97.57 98.37
3.27 97.27
66.73 28.23
60.54 50.64
20.85 31.53
47.35 7.15
98.73 41.62
85.34 61.43
66.82 13.46
33.97 24.50
87.97 16.60
77.07 13.16
95.70 64.58
4.49 88.02
43.91 66.44
48.74 44.35
26.58 39.92
94.56 48.30
12.57 88.45
36.95 13.05
24.42 10.87
13.47 90.59
98.97 35.28
45.95 33.73
29.34 59.45
2.06 25.92
63.53 38.45
20.52 77.30
6.60 0.68
91.34 53.91
2.02 77.88
15.69 17.86
15.90 50.12
11.49 22.89
90.21 74.40
19.14 2.26
69.03 67.94
88.39 92.66
64.03 7.05
10.12 83.37
25.85 81.81
57.27 57.06
92.85 73.26
24.01 96.87
26.75 72.49
89.39 91.03
22.33 21.38
28.99 6.50
92.68 59.97
14.90 74.93
84.92 98.60
29.25 79.84
13.98 41.98
10.98 41.12
58.56 97.51
89.90 47.35
68.52 49.52
55.61 30.79
10.11 83.72
22.58 12.84
61.10 47.95
16.95 99.11
94.83 12.49
25.76 91.47
96.44 72.85
51.08 87.68
72.50 51.15
79.60 44.91
25.55 99.32
58.24 20.93
31.59 20.69
87.36 27.45
66.14 20.89
73.04 27.59
30.92 17.13
28.15 27.64
6.55 12.74
13.06 45.22
4.10 64.81
91.60 95.70
20.23 93.33
22.19 90.16
52.89 11.01
94.23 57.14
76.86 85.63
46.21 25.86
39.20 14.94
20.95 59.37
26.85 78.38
57.65 72.27
26.73 6.46
81.90 46.20
33.07 9.24
14.41 35.13
0.33 5.85
28.54 94.35
45.34 92.56
91.85 16.12
27.22 45.33
38.34 34.80
95.46 91.05
65.06 79.18
24.10 55.69
61.99 19.55
70.38 92.13
12.66 55.13
88.05 48.22
70.39 33.89
56.65 84.90
36.32 38.47
17.98 79.82
77.70 67.05
73.15 40.60
36.47 56.87
21.12 15.25
88.03 47.41
58.03 46.72
8.10 16.87
80.18 85.60
18.85 16.60
11.00 99.61
10.26 63.49
16.29 78.78
65.35 70.33
87.37 84.54
66.58 16.41
31.48 94.10
21.18 94.58
75.58 71.41
24.45 37.21
16.83 15.29
26.40 98.09
70.81 51.71
91.61 84.86
70.74 47.57
6.69 52.31
4.23 47.30
10.16 23.98
47.52 92.23
62.81 65.10
60.37 42.79
13.48 39.82
69.24 25.03
83.50 63.46
61.74 4.46
87.63 14.64
52.34 97.42
0.97 3.15
71.65 37.88
31.79 77.61
68.47 0.69
57.82 5.76
3.57 64.27
83.01 63.17
9.65 96.65
54.11 89.86
57.87 8.74
27.06 34.58
20.52 13.17
31.34 55.66
46.93 32.84
66.52 49.53
87.74 95.53
30.78 43.05
23.24 9.11
62.34 9.51
8.66 82.86
29.21 54.43
16.74 91.96
52.34 60.15
16.56 42.80
26.99 36.84
60.52 57.15
81.36 73.07
84.49 70.30
5.08 83.64
5.04 39.23
47.45 29.60
87.98 72.64
91.23 12.22
90.36 70.37
42.99 10.87
49.67 79.32
90.43 45.84
47.85 87.27
40.68 28.01
63.57 40.43
96.82 51.79
96.41 26.55
41.85 84.05
98.47 87.73
74.57 32.30
95.12 20.55
28.41 91.39
84.97 23.98
12.56 41.65
70.31 92.08
77.48 82.92
48.75 5.31
57.74 98.02
3.03 89.77
11.71 30.81
85.91 50.49
82.70 40.29
9.44 80.00
82.29 6.31
22.97 69.57
57.54 50.49
69.91 26.98
57.84 64.73
61.82 59.47
74.33 31.19
87.93 82.40
61.15 65.95
59.06 97.75
87.52 39.98
91.77 45.06
79.95 70.43
47.70 48.69
28.96 80.28
63.63 34.86
66.84 2.61
26.68 92.57
58.88 53.20
11.05 5.82
5.98 36.35
48.17 70.68
14.24 8.00
48.08 12.93
96.40 27.93
54.39 44.21
35.38 25.17
9.43 97.23
19.80 92.33
85.68 64.69
6.01 82.93
11.04 66.83
28.48 14.94
24.01 48.93
34.78 33.61
39.45 51.01
54.09 94.69
46.60 62.36
98.57 95.93
12.75 52.53
26.52 37.37
28.07 92.52
69.41 15.88
98.05 85.01
54.39 79.91
0.19 72.79
68.39 62.56
12.09 17.96
12.49 33.75
85.27 26.77
93.90 66.71
94.91 53.18
90.63 53.45
54.21 25.88
93.60 30.13
0.57 51.02
93.37 31.64
36.30 41.03
14.49 89.89
13.19 36.69
78.26 13.15
27.81 80.90
8.40 31.47
49.72 61.25
73.50 86.07
83.81 59.13
32.26 71.33
87.07 47.47
4.05 69.72
15.35 80.02
75.24 2.38
84.21 81.86
40.44 86.48
62.19 75.86
38.70 44.58
87.00 18.08
78.81 60.89
89.44 25.79
4.59 31.02
44.00 37.12
39.03 76.68
14.82 70.18
28.61 49.17
93.48 37.61
90.76 63.51
59.15 86.84
4.80 14.67
37.80 90.04
24.63 30.19
78.15 19.44
79.25 28.94
81.21 13.41
2.84 53.60
43.42 49.47
84.64 64.72
16.73 26.54
71.12 69.05
51.47 67.57
9.31 64.07
83.92 96.90
49.39 32.85
77.96 76.40
13.09 5.78
61.79 80.38
45.77 91.11
44.52 99.88
71.94 21.21
82.58 68.81
14.57 80.41
92.80 23.53
72.67 59.08
7.16 97.05
20.96 64.34
88.79 79.41
57.35 67.97
32.32 78.03
73.70 80.85
54.04 64.51